0;11657,000000000000000000;6819,000000000000000000;9639,000000000000000000
1;12275,000000000000000000;9862,000000000000000000;10500,000000000000000000
2;12275,000000000000000000;10385,000000000000000000;10839,000000000000000000
3;12275,000000000000000000;10688,000000000000000000;11079,000000000000000000
4;12275,000000000000000000;10881,000000000000000000;11283,000000000000000000
5;12275,000000000000000000;11123,000000000000000000;11475,000000000000000000
6;12282,000000000000000000;11344,000000000000000000;11650,000000000000000000
7;12498,000000000000000000;11552,000000000000000000;11806,000000000000000000
8;12498,000000000000000000;11744,000000000000000000;11940,000000000000000000
9;12498,000000000000000000;11915,000000000000000000;12052,000000000000000000
10;12498,000000000000000000;11960,000000000000000000;12155,000000000000000000
11;12498,000000000000000000;12181,000000000000000000;12255,000000000000000000
12;12498,000000000000000000;12195,000000000000000000;12305,000000000000000000
13;12570,000000000000000000;12275,000000000000000000;12339,000000000000000000
14;12570,000000000000000000;12282,000000000000000000;12386,000000000000000000
15;12570,000000000000000000;12344,000000000000000000;12429,000000000000000000
16;12570,000000000000000000;12424,000000000000000000;12440,000000000000000000
17;12570,000000000000000000;12431,000000000000000000;12446,000000000000000000
18;12570,000000000000000000;12431,000000000000000000;12456,000000000000000000
19;12570,000000000000000000;12431,000000000000000000;12469,000000000000000000
20;12570,000000000000000000;12498,000000000000000000;12499,000000000000000000
21;12570,000000000000000000;12498,000000000000000000;12500,000000000000000000
22;12570,000000000000000000;12498,000000000000000000;12500,000000000000000000
23;12570,000000000000000000;12498,000000000000000000;12501,000000000000000000
24;12570,000000000000000000;12498,000000000000000000;12502,000000000000000000
25;12570,000000000000000000;12498,000000000000000000;12503,000000000000000000
26;12570,000000000000000000;12498,000000000000000000;12503,000000000000000000
27;12570,000000000000000000;12498,000000000000000000;12506,000000000000000000
28;12570,000000000000000000;12498,000000000000000000;12507,000000000000000000
29;12570,000000000000000000;12498,000000000000000000;12510,000000000000000000
30;12570,000000000000000000;12498,000000000000000000;12516,000000000000000000
31;12570,000000000000000000;12498,000000000000000000;12522,000000000000000000
32;12570,000000000000000000;12498,000000000000000000;12533,000000000000000000
33;12570,000000000000000000;12498,000000000000000000;12553,000000000000000000
34;12570,000000000000000000;12570,000000000000000000;12570,000000000000000000
35;12570,000000000000000000;12570,000000000000000000;12570,000000000000000000
36;12570,000000000000000000;12570,000000000000000000;12570,000000000000000000
37;12570,000000000000000000;12570,000000000000000000;12570,000000000000000000
38;12577,000000000000000000;12570,000000000000000000;12570,000000000000000000
39;12577,000000000000000000;12570,000000000000000000;12570,000000000000000000
40;12577,000000000000000000;12570,000000000000000000;12570,000000000000000000
41;12577,000000000000000000;12570,000000000000000000;12570,000000000000000000
42;12577,000000000000000000;12570,000000000000000000;12570,000000000000000000
43;12577,000000000000000000;12570,000000000000000000;12571,000000000000000000
44;12577,000000000000000000;12570,000000000000000000;12572,000000000000000000
45;12577,000000000000000000;12570,000000000000000000;12573,000000000000000000
46;12577,000000000000000000;12570,000000000000000000;12576,000000000000000000
47;12577,000000000000000000;12577,000000000000000000;12577,000000000000000000
48;12577,000000000000000000;12577,000000000000000000;12577,000000000000000000
49;12577,000000000000000000;12577,000000000000000000;12577,000000000000000000
50;12577,000000000000000000;12577,000000000000000000;12577,000000000000000000
51;12577,000000000000000000;12577,000000000000000000;12577,000000000000000000
52;12577,000000000000000000;12577,000000000000000000;12577,000000000000000000
53;12577,000000000000000000;12577,000000000000000000;12577,000000000000000000
54;12577,000000000000000000;12577,000000000000000000;12577,000000000000000000
55;12577,000000000000000000;12577,000000000000000000;12577,000000000000000000
56;12577,000000000000000000;12577,000000000000000000;12577,000000000000000000
57;12577,000000000000000000;12577,000000000000000000;12577,000000000000000000
58;12577,000000000000000000;12577,000000000000000000;12577,000000000000000000
59;12577,000000000000000000;12577,000000000000000000;12577,000000000000000000
60;12577,000000000000000000;12577,000000000000000000;12577,000000000000000000
61;12577,000000000000000000;12577,000000000000000000;12577,000000000000000000
62;12577,000000000000000000;12577,000000000000000000;12577,000000000000000000
63;12577,000000000000000000;12577,000000000000000000;12577,000000000000000000
64;12577,000000000000000000;12577,000000000000000000;12577,000000000000000000
65;12577,000000000000000000;12577,000000000000000000;12577,000000000000000000
66;12577,000000000000000000;12577,000000000000000000;12577,000000000000000000
67;12577,000000000000000000;12577,000000000000000000;12577,000000000000000000
68;12577,000000000000000000;12577,000000000000000000;12577,000000000000000000
69;12577,000000000000000000;12577,000000000000000000;12577,000000000000000000
70;12577,000000000000000000;12577,000000000000000000;12577,000000000000000000
71;12577,000000000000000000;12577,000000000000000000;12577,000000000000000000
72;12577,000000000000000000;12577,000000000000000000;12577,000000000000000000
73;12577,000000000000000000;12577,000000000000000000;12577,000000000000000000
74;12577,000000000000000000;12577,000000000000000000;12577,000000000000000000
75;12577,000000000000000000;12577,000000000000000000;12577,000000000000000000
76;12577,000000000000000000;12577,000000000000000000;12577,000000000000000000
77;12577,000000000000000000;12577,000000000000000000;12577,000000000000000000
78;12577,000000000000000000;12577,000000000000000000;12577,000000000000000000
79;12577,000000000000000000;12577,000000000000000000;12577,000000000000000000
80;12577,000000000000000000;12577,000000000000000000;12577,000000000000000000
81;12577,000000000000000000;12577,000000000000000000;12577,000000000000000000
82;12577,000000000000000000;12577,000000000000000000;12577,000000000000000000
83;12577,000000000000000000;12577,000000000000000000;12577,000000000000000000
84;12577,000000000000000000;12577,000000000000000000;12577,000000000000000000
85;12577,000000000000000000;12577,000000000000000000;12577,000000000000000000
86;12577,000000000000000000;12577,000000000000000000;12577,000000000000000000
87;12577,000000000000000000;12577,000000000000000000;12577,000000000000000000
88;12577,000000000000000000;12577,000000000000000000;12577,000000000000000000
89;12577,000000000000000000;12577,000000000000000000;12577,000000000000000000
90;12577,000000000000000000;12577,000000000000000000;12577,000000000000000000
91;12577,000000000000000000;12577,000000000000000000;12577,000000000000000000
92;12577,000000000000000000;12577,000000000000000000;12577,000000000000000000
93;12577,000000000000000000;12577,000000000000000000;12577,000000000000000000
94;12577,000000000000000000;12577,000000000000000000;12577,000000000000000000
95;12577,000000000000000000;12577,000000000000000000;12577,000000000000000000
96;12577,000000000000000000;12577,000000000000000000;12577,000000000000000000
97;12577,000000000000000000;12577,000000000000000000;12577,000000000000000000
98;12577,000000000000000000;12577,000000000000000000;12577,000000000000000000
99;12577,000000000000000000;12577,000000000000000000;12577,000000000000000000
100;12577,000000000000000000;12577,000000000000000000;12577,000000000000000000
101;12577,000000000000000000;12577,000000000000000000;12577,000000000000000000
102;12577,000000000000000000;12577,000000000000000000;12577,000000000000000000
103;12577,000000000000000000;12577,000000000000000000;12577,000000000000000000
104;12577,000000000000000000;12577,000000000000000000;12577,000000000000000000
105;12577,000000000000000000;12577,000000000000000000;12577,000000000000000000
106;12577,000000000000000000;12577,000000000000000000;12577,000000000000000000
107;12577,000000000000000000;12577,000000000000000000;12577,000000000000000000
108;12577,000000000000000000;12577,000000000000000000;12577,000000000000000000
109;12577,000000000000000000;12577,000000000000000000;12577,000000000000000000
110;12577,000000000000000000;12577,000000000000000000;12577,000000000000000000
111;12577,000000000000000000;12577,000000000000000000;12577,000000000000000000
112;12577,000000000000000000;12577,000000000000000000;12577,000000000000000000
113;12577,000000000000000000;12577,000000000000000000;12577,000000000000000000
114;12577,000000000000000000;12577,000000000000000000;12577,000000000000000000
115;12577,000000000000000000;12577,000000000000000000;12577,000000000000000000
116;12577,000000000000000000;12577,000000000000000000;12577,000000000000000000
117;12577,000000000000000000;12577,000000000000000000;12577,000000000000000000
118;12577,000000000000000000;12577,000000000000000000;12577,000000000000000000
119;12577,000000000000000000;12577,000000000000000000;12577,000000000000000000
120;12577,000000000000000000;12577,000000000000000000;12577,000000000000000000
121;12577,000000000000000000;12577,000000000000000000;12577,000000000000000000
122;12577,000000000000000000;12577,000000000000000000;12577,000000000000000000
123;12577,000000000000000000;12577,000000000000000000;12577,000000000000000000
124;12577,000000000000000000;12577,000000000000000000;12577,000000000000000000
125;12577,000000000000000000;12577,000000000000000000;12577,000000000000000000
126;12577,000000000000000000;12577,000000000000000000;12577,000000000000000000
127;12577,000000000000000000;12577,000000000000000000;12577,000000000000000000
128;12577,000000000000000000;12577,000000000000000000;12577,000000000000000000
129;12577,000000000000000000;12577,000000000000000000;12577,000000000000000000
130;12577,000000000000000000;12577,000000000000000000;12577,000000000000000000
131;12577,000000000000000000;12577,000000000000000000;12577,000000000000000000
132;12577,000000000000000000;12577,000000000000000000;12577,000000000000000000
133;12577,000000000000000000;12577,000000000000000000;12577,000000000000000000
134;12577,000000000000000000;12577,000000000000000000;12577,000000000000000000
135;12577,000000000000000000;12577,000000000000000000;12577,000000000000000000
136;12577,000000000000000000;12577,000000000000000000;12577,000000000000000000
137;12577,000000000000000000;12577,000000000000000000;12577,000000000000000000
138;12577,000000000000000000;12577,000000000000000000;12577,000000000000000000
139;12577,000000000000000000;12577,000000000000000000;12577,000000000000000000
140;12577,000000000000000000;12577,000000000000000000;12577,000000000000000000
141;12577,000000000000000000;12577,000000000000000000;12577,000000000000000000
142;12577,000000000000000000;12577,000000000000000000;12577,000000000000000000
143;12577,000000000000000000;12577,000000000000000000;12577,000000000000000000
144;12577,000000000000000000;12577,000000000000000000;12577,000000000000000000
145;12577,000000000000000000;12577,000000000000000000;12577,000000000000000000
146;12577,000000000000000000;12577,000000000000000000;12577,000000000000000000
147;12577,000000000000000000;12577,000000000000000000;12577,000000000000000000
148;12577,000000000000000000;12577,000000000000000000;12577,000000000000000000
149;12577,000000000000000000;12577,000000000000000000;12577,000000000000000000
150;12577,000000000000000000;12577,000000000000000000;12577,000000000000000000
151;12577,000000000000000000;12577,000000000000000000;12577,000000000000000000
152;12577,000000000000000000;12577,000000000000000000;12577,000000000000000000
153;12577,000000000000000000;12577,000000000000000000;12577,000000000000000000
154;12577,000000000000000000;12577,000000000000000000;12577,000000000000000000
155;12577,000000000000000000;12577,000000000000000000;12577,000000000000000000
156;12577,000000000000000000;12577,000000000000000000;12577,000000000000000000
157;12577,000000000000000000;12577,000000000000000000;12577,000000000000000000
158;12577,000000000000000000;12577,000000000000000000;12577,000000000000000000
159;12577,000000000000000000;12577,000000000000000000;12577,000000000000000000
160;12577,000000000000000000;12577,000000000000000000;12577,000000000000000000
161;12577,000000000000000000;12577,000000000000000000;12577,000000000000000000
162;12577,000000000000000000;12577,000000000000000000;12577,000000000000000000
163;12577,000000000000000000;12577,000000000000000000;12577,000000000000000000
164;12577,000000000000000000;12577,000000000000000000;12577,000000000000000000
165;12577,000000000000000000;12577,000000000000000000;12577,000000000000000000
166;12577,000000000000000000;12577,000000000000000000;12577,000000000000000000
167;12577,000000000000000000;12577,000000000000000000;12577,000000000000000000
168;12577,000000000000000000;12577,000000000000000000;12577,000000000000000000
169;12577,000000000000000000;12577,000000000000000000;12577,000000000000000000
170;12577,000000000000000000;12577,000000000000000000;12577,000000000000000000
171;12577,000000000000000000;12577,000000000000000000;12577,000000000000000000
172;12577,000000000000000000;12577,000000000000000000;12577,000000000000000000
173;12577,000000000000000000;12577,000000000000000000;12577,000000000000000000
174;12577,000000000000000000;12577,000000000000000000;12577,000000000000000000
175;12577,000000000000000000;12577,000000000000000000;12577,000000000000000000
176;12577,000000000000000000;12577,000000000000000000;12577,000000000000000000
177;12577,000000000000000000;12577,000000000000000000;12577,000000000000000000
178;12577,000000000000000000;12577,000000000000000000;12577,000000000000000000
179;12577,000000000000000000;12577,000000000000000000;12577,000000000000000000
180;12577,000000000000000000;12577,000000000000000000;12577,000000000000000000
181;12577,000000000000000000;12577,000000000000000000;12577,000000000000000000
182;12577,000000000000000000;12577,000000000000000000;12577,000000000000000000
183;12577,000000000000000000;12577,000000000000000000;12577,000000000000000000
184;12577,000000000000000000;12577,000000000000000000;12577,000000000000000000
185;12577,000000000000000000;12577,000000000000000000;12577,000000000000000000
186;12577,000000000000000000;12577,000000000000000000;12577,000000000000000000
187;12577,000000000000000000;12577,000000000000000000;12577,000000000000000000
188;12577,000000000000000000;12577,000000000000000000;12577,000000000000000000
189;12577,000000000000000000;12577,000000000000000000;12577,000000000000000000
190;12577,000000000000000000;12577,000000000000000000;12577,000000000000000000
191;12577,000000000000000000;12577,000000000000000000;12577,000000000000000000
192;12577,000000000000000000;12577,000000000000000000;12577,000000000000000000
193;12577,000000000000000000;12577,000000000000000000;12577,000000000000000000
194;12577,000000000000000000;12577,000000000000000000;12577,000000000000000000
195;12577,000000000000000000;12577,000000000000000000;12577,000000000000000000
196;12577,000000000000000000;12577,000000000000000000;12577,000000000000000000
197;12577,000000000000000000;12577,000000000000000000;12577,000000000000000000
198;12577,000000000000000000;12577,000000000000000000;12577,000000000000000000
199;12577,000000000000000000;12577,000000000000000000;12577,000000000000000000
200;12577,000000000000000000;12577,000000000000000000;12577,000000000000000000
201;12577,000000000000000000;12577,000000000000000000;12577,000000000000000000
202;12577,000000000000000000;12577,000000000000000000;12577,000000000000000000
203;12577,000000000000000000;12577,000000000000000000;12577,000000000000000000
204;12577,000000000000000000;12577,000000000000000000;12577,000000000000000000
205;12577,000000000000000000;12577,000000000000000000;12577,000000000000000000
206;12577,000000000000000000;12577,000000000000000000;12577,000000000000000000
207;12577,000000000000000000;12577,000000000000000000;12577,000000000000000000
208;12577,000000000000000000;12577,000000000000000000;12577,000000000000000000
209;12577,000000000000000000;12577,000000000000000000;12577,000000000000000000
210;12577,000000000000000000;12577,000000000000000000;12577,000000000000000000
211;12577,000000000000000000;12577,000000000000000000;12577,000000000000000000
212;12577,000000000000000000;12577,000000000000000000;12577,000000000000000000
213;12577,000000000000000000;12577,000000000000000000;12577,000000000000000000
214;12577,000000000000000000;12577,000000000000000000;12577,000000000000000000
215;12577,000000000000000000;12577,000000000000000000;12577,000000000000000000
216;12577,000000000000000000;12577,000000000000000000;12577,000000000000000000
217;12577,000000000000000000;12577,000000000000000000;12577,000000000000000000
218;12577,000000000000000000;12577,000000000000000000;12577,000000000000000000
219;12577,000000000000000000;12577,000000000000000000;12577,000000000000000000
220;12577,000000000000000000;12577,000000000000000000;12577,000000000000000000
221;12577,000000000000000000;12577,000000000000000000;12577,000000000000000000
222;12577,000000000000000000;12577,000000000000000000;12577,000000000000000000
223;12577,000000000000000000;12577,000000000000000000;12577,000000000000000000
224;12577,000000000000000000;12577,000000000000000000;12577,000000000000000000
225;12577,000000000000000000;12577,000000000000000000;12577,000000000000000000
226;12577,000000000000000000;12577,000000000000000000;12577,000000000000000000
227;12577,000000000000000000;12577,000000000000000000;12577,000000000000000000
228;12577,000000000000000000;12577,000000000000000000;12577,000000000000000000
229;12577,000000000000000000;12577,000000000000000000;12577,000000000000000000
230;12577,000000000000000000;12577,000000000000000000;12577,000000000000000000
231;12577,000000000000000000;12577,000000000000000000;12577,000000000000000000
232;12577,000000000000000000;12577,000000000000000000;12577,000000000000000000
233;12577,000000000000000000;12577,000000000000000000;12577,000000000000000000
234;12577,000000000000000000;12577,000000000000000000;12577,000000000000000000
235;12577,000000000000000000;12577,000000000000000000;12577,000000000000000000
236;12577,000000000000000000;12577,000000000000000000;12577,000000000000000000
237;12577,000000000000000000;12577,000000000000000000;12577,000000000000000000
238;12577,000000000000000000;12577,000000000000000000;12577,000000000000000000
239;12577,000000000000000000;12577,000000000000000000;12577,000000000000000000
240;12577,000000000000000000;12577,000000000000000000;12577,000000000000000000
241;12577,000000000000000000;12577,000000000000000000;12577,000000000000000000
242;12577,000000000000000000;12577,000000000000000000;12577,000000000000000000
243;12577,000000000000000000;12577,000000000000000000;12577,000000000000000000
244;12577,000000000000000000;12577,000000000000000000;12577,000000000000000000
245;12577,000000000000000000;12577,000000000000000000;12577,000000000000000000
246;12577,000000000000000000;12577,000000000000000000;12577,000000000000000000
247;12577,000000000000000000;12577,000000000000000000;12577,000000000000000000
248;12577,000000000000000000;12577,000000000000000000;12577,000000000000000000
249;12577,000000000000000000;12577,000000000000000000;12577,000000000000000000
250;12577,000000000000000000;12577,000000000000000000;12577,000000000000000000
251;12577,000000000000000000;12577,000000000000000000;12577,000000000000000000
252;12577,000000000000000000;12577,000000000000000000;12577,000000000000000000
253;12577,000000000000000000;12577,000000000000000000;12577,000000000000000000
254;12577,000000000000000000;12577,000000000000000000;12577,000000000000000000
255;12577,000000000000000000;12577,000000000000000000;12577,000000000000000000
256;12577,000000000000000000;12577,000000000000000000;12577,000000000000000000
257;12577,000000000000000000;12577,000000000000000000;12577,000000000000000000
258;12577,000000000000000000;12577,000000000000000000;12577,000000000000000000
259;12577,000000000000000000;12577,000000000000000000;12577,000000000000000000
260;12577,000000000000000000;12577,000000000000000000;12577,000000000000000000
261;12577,000000000000000000;12577,000000000000000000;12577,000000000000000000
262;12577,000000000000000000;12577,000000000000000000;12577,000000000000000000
263;12577,000000000000000000;12577,000000000000000000;12577,000000000000000000
264;12577,000000000000000000;12577,000000000000000000;12577,000000000000000000
265;12577,000000000000000000;12577,000000000000000000;12577,000000000000000000
266;12577,000000000000000000;12577,000000000000000000;12577,000000000000000000
267;12577,000000000000000000;12577,000000000000000000;12577,000000000000000000
268;12577,000000000000000000;12577,000000000000000000;12577,000000000000000000
269;12577,000000000000000000;12577,000000000000000000;12577,000000000000000000
270;12577,000000000000000000;12577,000000000000000000;12577,000000000000000000
271;12577,000000000000000000;12577,000000000000000000;12577,000000000000000000
272;12577,000000000000000000;12577,000000000000000000;12577,000000000000000000
273;12577,000000000000000000;12577,000000000000000000;12577,000000000000000000
274;12577,000000000000000000;12577,000000000000000000;12577,000000000000000000
275;12577,000000000000000000;12577,000000000000000000;12577,000000000000000000
276;12577,000000000000000000;12577,000000000000000000;12577,000000000000000000
277;12577,000000000000000000;12577,000000000000000000;12577,000000000000000000
278;12577,000000000000000000;12577,000000000000000000;12577,000000000000000000
279;12577,000000000000000000;12577,000000000000000000;12577,000000000000000000
280;12577,000000000000000000;12577,000000000000000000;12577,000000000000000000
281;12577,000000000000000000;12577,000000000000000000;12577,000000000000000000
282;12577,000000000000000000;12577,000000000000000000;12577,000000000000000000
283;12577,000000000000000000;12577,000000000000000000;12577,000000000000000000
284;12577,000000000000000000;12577,000000000000000000;12577,000000000000000000
285;12577,000000000000000000;12577,000000000000000000;12577,000000000000000000
286;12577,000000000000000000;12577,000000000000000000;12577,000000000000000000
287;12577,000000000000000000;12577,000000000000000000;12577,000000000000000000
288;12577,000000000000000000;12577,000000000000000000;12577,000000000000000000
289;12577,000000000000000000;12577,000000000000000000;12577,000000000000000000
290;12577,000000000000000000;12577,000000000000000000;12577,000000000000000000
291;12577,000000000000000000;12577,000000000000000000;12577,000000000000000000
292;12577,000000000000000000;12577,000000000000000000;12577,000000000000000000
293;12577,000000000000000000;12577,000000000000000000;12577,000000000000000000
294;12577,000000000000000000;12577,000000000000000000;12577,000000000000000000
295;12577,000000000000000000;12577,000000000000000000;12577,000000000000000000
296;12577,000000000000000000;12577,000000000000000000;12577,000000000000000000
297;12577,000000000000000000;12577,000000000000000000;12577,000000000000000000
298;12577,000000000000000000;12577,000000000000000000;12577,000000000000000000
299;12577,000000000000000000;12577,000000000000000000;12577,000000000000000000
300;12577,000000000000000000;12577,000000000000000000;12577,000000000000000000
301;12577,000000000000000000;12577,000000000000000000;12577,000000000000000000
302;12577,000000000000000000;12577,000000000000000000;12577,000000000000000000
303;12577,000000000000000000;12577,000000000000000000;12577,000000000000000000
304;12577,000000000000000000;12577,000000000000000000;12577,000000000000000000
305;12577,000000000000000000;12577,000000000000000000;12577,000000000000000000
306;12577,000000000000000000;12577,000000000000000000;12577,000000000000000000
307;12577,000000000000000000;12577,000000000000000000;12577,000000000000000000
308;12577,000000000000000000;12577,000000000000000000;12577,000000000000000000
309;12577,000000000000000000;12577,000000000000000000;12577,000000000000000000
310;12577,000000000000000000;12577,000000000000000000;12577,000000000000000000
311;12577,000000000000000000;12577,000000000000000000;12577,000000000000000000
312;12577,000000000000000000;12577,000000000000000000;12577,000000000000000000
313;12577,000000000000000000;12577,000000000000000000;12577,000000000000000000
314;12577,000000000000000000;12577,000000000000000000;12577,000000000000000000
315;12577,000000000000000000;12577,000000000000000000;12577,000000000000000000
316;12577,000000000000000000;12577,000000000000000000;12577,000000000000000000
317;12577,000000000000000000;12577,000000000000000000;12577,000000000000000000
318;12577,000000000000000000;12577,000000000000000000;12577,000000000000000000
319;12577,000000000000000000;12577,000000000000000000;12577,000000000000000000
320;12577,000000000000000000;12577,000000000000000000;12577,000000000000000000
321;12577,000000000000000000;12577,000000000000000000;12577,000000000000000000
322;12577,000000000000000000;12577,000000000000000000;12577,000000000000000000
323;12577,000000000000000000;12577,000000000000000000;12577,000000000000000000
324;12577,000000000000000000;12577,000000000000000000;12577,000000000000000000
325;12577,000000000000000000;12577,000000000000000000;12577,000000000000000000
326;12577,000000000000000000;12577,000000000000000000;12577,000000000000000000
327;12577,000000000000000000;12577,000000000000000000;12577,000000000000000000
328;12577,000000000000000000;12577,000000000000000000;12577,000000000000000000
329;12577,000000000000000000;12577,000000000000000000;12577,000000000000000000
330;12577,000000000000000000;12577,000000000000000000;12577,000000000000000000
331;12577,000000000000000000;12577,000000000000000000;12577,000000000000000000
332;12577,000000000000000000;12577,000000000000000000;12577,000000000000000000
333;12577,000000000000000000;12577,000000000000000000;12577,000000000000000000
334;12577,000000000000000000;12577,000000000000000000;12577,000000000000000000
335;12577,000000000000000000;12577,000000000000000000;12577,000000000000000000
336;12577,000000000000000000;12577,000000000000000000;12577,000000000000000000
337;12577,000000000000000000;12577,000000000000000000;12577,000000000000000000
338;12577,000000000000000000;12577,000000000000000000;12577,000000000000000000
339;12577,000000000000000000;12577,000000000000000000;12577,000000000000000000
340;12577,000000000000000000;12577,000000000000000000;12577,000000000000000000
341;12577,000000000000000000;12577,000000000000000000;12577,000000000000000000
342;12577,000000000000000000;12577,000000000000000000;12577,000000000000000000
343;12577,000000000000000000;12577,000000000000000000;12577,000000000000000000
344;12577,000000000000000000;12577,000000000000000000;12577,000000000000000000
345;12577,000000000000000000;12577,000000000000000000;12577,000000000000000000
346;12577,000000000000000000;12577,000000000000000000;12577,000000000000000000
347;12577,000000000000000000;12577,000000000000000000;12577,000000000000000000
348;12577,000000000000000000;12577,000000000000000000;12577,000000000000000000
349;12577,000000000000000000;12577,000000000000000000;12577,000000000000000000
350;12577,000000000000000000;12577,000000000000000000;12577,000000000000000000
351;12577,000000000000000000;12577,000000000000000000;12577,000000000000000000
352;12577,000000000000000000;12577,000000000000000000;12577,000000000000000000
353;12577,000000000000000000;12577,000000000000000000;12577,000000000000000000
354;12577,000000000000000000;12577,000000000000000000;12577,000000000000000000
355;12577,000000000000000000;12577,000000000000000000;12577,000000000000000000
356;12577,000000000000000000;12577,000000000000000000;12577,000000000000000000
357;12577,000000000000000000;12577,000000000000000000;12577,000000000000000000
358;12577,000000000000000000;12577,000000000000000000;12577,000000000000000000
359;12577,000000000000000000;12577,000000000000000000;12577,000000000000000000
360;12577,000000000000000000;12577,000000000000000000;12577,000000000000000000
361;12577,000000000000000000;12577,000000000000000000;12577,000000000000000000
362;12577,000000000000000000;12577,000000000000000000;12577,000000000000000000
363;12577,000000000000000000;12577,000000000000000000;12577,000000000000000000
364;12577,000000000000000000;12577,000000000000000000;12577,000000000000000000
365;12577,000000000000000000;12577,000000000000000000;12577,000000000000000000
366;12577,000000000000000000;12577,000000000000000000;12577,000000000000000000
367;12577,000000000000000000;12577,000000000000000000;12577,000000000000000000
368;12577,000000000000000000;12577,000000000000000000;12577,000000000000000000
369;12577,000000000000000000;12577,000000000000000000;12577,000000000000000000
370;12577,000000000000000000;12577,000000000000000000;12577,000000000000000000
371;12577,000000000000000000;12577,000000000000000000;12577,000000000000000000
372;12577,000000000000000000;12577,000000000000000000;12577,000000000000000000
373;12577,000000000000000000;12577,000000000000000000;12577,000000000000000000
374;12577,000000000000000000;12577,000000000000000000;12577,000000000000000000
375;12577,000000000000000000;12577,000000000000000000;12577,000000000000000000
376;12577,000000000000000000;12577,000000000000000000;12577,000000000000000000
377;12577,000000000000000000;12577,000000000000000000;12577,000000000000000000
378;12577,000000000000000000;12577,000000000000000000;12577,000000000000000000
379;12577,000000000000000000;12577,000000000000000000;12577,000000000000000000
380;12577,000000000000000000;12577,000000000000000000;12577,000000000000000000
381;12577,000000000000000000;12577,000000000000000000;12577,000000000000000000
382;12577,000000000000000000;12577,000000000000000000;12577,000000000000000000
383;12577,000000000000000000;12577,000000000000000000;12577,000000000000000000
384;12577,000000000000000000;12577,000000000000000000;12577,000000000000000000
385;12577,000000000000000000;12577,000000000000000000;12577,000000000000000000
386;12577,000000000000000000;12577,000000000000000000;12577,000000000000000000
387;12577,000000000000000000;12577,000000000000000000;12577,000000000000000000
388;12577,000000000000000000;12577,000000000000000000;12577,000000000000000000
389;12577,000000000000000000;12577,000000000000000000;12577,000000000000000000
390;12577,000000000000000000;12577,000000000000000000;12577,000000000000000000
391;12577,000000000000000000;12577,000000000000000000;12577,000000000000000000
392;12577,000000000000000000;12577,000000000000000000;12577,000000000000000000
393;12577,000000000000000000;12577,000000000000000000;12577,000000000000000000
394;12577,000000000000000000;12577,000000000000000000;12577,000000000000000000
395;12577,000000000000000000;12577,000000000000000000;12577,000000000000000000
396;12577,000000000000000000;12577,000000000000000000;12577,000000000000000000
397;12577,000000000000000000;12577,000000000000000000;12577,000000000000000000
398;12577,000000000000000000;12577,000000000000000000;12577,000000000000000000
399;12577,000000000000000000;12577,000000000000000000;12577,000000000000000000
400;12577,000000000000000000;12577,000000000000000000;12577,000000000000000000
401;12577,000000000000000000;12577,000000000000000000;12577,000000000000000000
402;12577,000000000000000000;12577,000000000000000000;12577,000000000000000000
403;12577,000000000000000000;12577,000000000000000000;12577,000000000000000000
404;12577,000000000000000000;12577,000000000000000000;12577,000000000000000000
405;12577,000000000000000000;12577,000000000000000000;12577,000000000000000000
406;12577,000000000000000000;12577,000000000000000000;12577,000000000000000000
407;12577,000000000000000000;12577,000000000000000000;12577,000000000000000000
408;12577,000000000000000000;12577,000000000000000000;12577,000000000000000000
409;12577,000000000000000000;12577,000000000000000000;12577,000000000000000000
410;12577,000000000000000000;12577,000000000000000000;12577,000000000000000000
411;12577,000000000000000000;12577,000000000000000000;12577,000000000000000000
412;12577,000000000000000000;12577,000000000000000000;12577,000000000000000000
413;12577,000000000000000000;12577,000000000000000000;12577,000000000000000000
414;12577,000000000000000000;12577,000000000000000000;12577,000000000000000000
415;12577,000000000000000000;12577,000000000000000000;12577,000000000000000000
416;12577,000000000000000000;12577,000000000000000000;12577,000000000000000000
417;12577,000000000000000000;12577,000000000000000000;12577,000000000000000000
418;12577,000000000000000000;12577,000000000000000000;12577,000000000000000000
419;12577,000000000000000000;12577,000000000000000000;12577,000000000000000000
420;12577,000000000000000000;12577,000000000000000000;12577,000000000000000000
421;12577,000000000000000000;12577,000000000000000000;12577,000000000000000000
422;12577,000000000000000000;12577,000000000000000000;12577,000000000000000000
423;12577,000000000000000000;12577,000000000000000000;12577,000000000000000000
424;12577,000000000000000000;12577,000000000000000000;12577,000000000000000000
425;12577,000000000000000000;12577,000000000000000000;12577,000000000000000000
426;12577,000000000000000000;12577,000000000000000000;12577,000000000000000000
427;12577,000000000000000000;12577,000000000000000000;12577,000000000000000000
428;12577,000000000000000000;12577,000000000000000000;12577,000000000000000000
429;12577,000000000000000000;12577,000000000000000000;12577,000000000000000000
430;12577,000000000000000000;12577,000000000000000000;12577,000000000000000000
431;12577,000000000000000000;12577,000000000000000000;12577,000000000000000000
432;12577,000000000000000000;12577,000000000000000000;12577,000000000000000000
433;12577,000000000000000000;12577,000000000000000000;12577,000000000000000000
434;12577,000000000000000000;12577,000000000000000000;12577,000000000000000000
435;12577,000000000000000000;12577,000000000000000000;12577,000000000000000000
436;12577,000000000000000000;12577,000000000000000000;12577,000000000000000000
437;12577,000000000000000000;12577,000000000000000000;12577,000000000000000000
438;12577,000000000000000000;12577,000000000000000000;12577,000000000000000000
439;12577,000000000000000000;12577,000000000000000000;12577,000000000000000000
440;12577,000000000000000000;12577,000000000000000000;12577,000000000000000000
441;12577,000000000000000000;12577,000000000000000000;12577,000000000000000000
442;12577,000000000000000000;12577,000000000000000000;12577,000000000000000000
443;12577,000000000000000000;12577,000000000000000000;12577,000000000000000000
444;12577,000000000000000000;12577,000000000000000000;12577,000000000000000000
445;12577,000000000000000000;12577,000000000000000000;12577,000000000000000000
446;12577,000000000000000000;12577,000000000000000000;12577,000000000000000000
447;12577,000000000000000000;12577,000000000000000000;12577,000000000000000000
448;12577,000000000000000000;12577,000000000000000000;12577,000000000000000000
449;12577,000000000000000000;12577,000000000000000000;12577,000000000000000000
450;12577,000000000000000000;12577,000000000000000000;12577,000000000000000000
451;12577,000000000000000000;12577,000000000000000000;12577,000000000000000000
452;12577,000000000000000000;12577,000000000000000000;12577,000000000000000000
453;12577,000000000000000000;12577,000000000000000000;12577,000000000000000000
454;12577,000000000000000000;12577,000000000000000000;12577,000000000000000000
455;12577,000000000000000000;12577,000000000000000000;12577,000000000000000000
456;12577,000000000000000000;12577,000000000000000000;12577,000000000000000000
457;12577,000000000000000000;12577,000000000000000000;12577,000000000000000000
458;12577,000000000000000000;12577,000000000000000000;12577,000000000000000000
459;12577,000000000000000000;12577,000000000000000000;12577,000000000000000000
460;12577,000000000000000000;12577,000000000000000000;12577,000000000000000000
461;12577,000000000000000000;12577,000000000000000000;12577,000000000000000000
462;12577,000000000000000000;12577,000000000000000000;12577,000000000000000000
463;12577,000000000000000000;12577,000000000000000000;12577,000000000000000000
464;12577,000000000000000000;12577,000000000000000000;12577,000000000000000000
465;12577,000000000000000000;12577,000000000000000000;12577,000000000000000000
466;12577,000000000000000000;12577,000000000000000000;12577,000000000000000000
467;12577,000000000000000000;12577,000000000000000000;12577,000000000000000000
468;12577,000000000000000000;12577,000000000000000000;12577,000000000000000000
469;12577,000000000000000000;12577,000000000000000000;12577,000000000000000000
470;12577,000000000000000000;12577,000000000000000000;12577,000000000000000000
471;12577,000000000000000000;12577,000000000000000000;12577,000000000000000000
472;12577,000000000000000000;12577,000000000000000000;12577,000000000000000000
473;12577,000000000000000000;12577,000000000000000000;12577,000000000000000000
474;12577,000000000000000000;12577,000000000000000000;12577,000000000000000000
475;12577,000000000000000000;12577,000000000000000000;12577,000000000000000000
476;12577,000000000000000000;12577,000000000000000000;12577,000000000000000000
477;12577,000000000000000000;12577,000000000000000000;12577,000000000000000000
478;12577,000000000000000000;12577,000000000000000000;12577,000000000000000000
479;12577,000000000000000000;12577,000000000000000000;12577,000000000000000000
480;12577,000000000000000000;12577,000000000000000000;12577,000000000000000000
481;12577,000000000000000000;12577,000000000000000000;12577,000000000000000000
482;12577,000000000000000000;12577,000000000000000000;12577,000000000000000000
483;12577,000000000000000000;12577,000000000000000000;12577,000000000000000000
484;12577,000000000000000000;12577,000000000000000000;12577,000000000000000000
485;12577,000000000000000000;12577,000000000000000000;12577,000000000000000000
486;12577,000000000000000000;12577,000000000000000000;12577,000000000000000000
487;12577,000000000000000000;12577,000000000000000000;12577,000000000000000000
488;12577,000000000000000000;12577,000000000000000000;12577,000000000000000000
489;12577,000000000000000000;12577,000000000000000000;12577,000000000000000000
490;12577,000000000000000000;12577,000000000000000000;12577,000000000000000000
491;12577,000000000000000000;12577,000000000000000000;12577,000000000000000000
492;12577,000000000000000000;12577,000000000000000000;12577,000000000000000000
493;12577,000000000000000000;12577,000000000000000000;12577,000000000000000000
494;12577,000000000000000000;12577,000000000000000000;12577,000000000000000000
495;12577,000000000000000000;12577,000000000000000000;12577,000000000000000000
496;12577,000000000000000000;12577,000000000000000000;12577,000000000000000000
497;12577,000000000000000000;12577,000000000000000000;12577,000000000000000000
498;12577,000000000000000000;12577,000000000000000000;12577,000000000000000000
499;12577,000000000000000000;12577,000000000000000000;12577,000000000000000000
500;12577,000000000000000000;12577,000000000000000000;12577,000000000000000000
501;12577,000000000000000000;12577,000000000000000000;12577,000000000000000000
502;12577,000000000000000000;12577,000000000000000000;12577,000000000000000000
503;12577,000000000000000000;12577,000000000000000000;12577,000000000000000000
504;12577,000000000000000000;12577,000000000000000000;12577,000000000000000000
505;12577,000000000000000000;12577,000000000000000000;12577,000000000000000000
506;12577,000000000000000000;12577,000000000000000000;12577,000000000000000000
507;12577,000000000000000000;12577,000000000000000000;12577,000000000000000000
508;12577,000000000000000000;12577,000000000000000000;12577,000000000000000000
509;12577,000000000000000000;12577,000000000000000000;12577,000000000000000000
510;12577,000000000000000000;12577,000000000000000000;12577,000000000000000000
511;12577,000000000000000000;12577,000000000000000000;12577,000000000000000000
512;12577,000000000000000000;12577,000000000000000000;12577,000000000000000000
513;12577,000000000000000000;12577,000000000000000000;12577,000000000000000000
514;12577,000000000000000000;12577,000000000000000000;12577,000000000000000000
515;12577,000000000000000000;12577,000000000000000000;12577,000000000000000000
516;12577,000000000000000000;12577,000000000000000000;12577,000000000000000000
517;12577,000000000000000000;12577,000000000000000000;12577,000000000000000000
518;12577,000000000000000000;12577,000000000000000000;12577,000000000000000000
519;12577,000000000000000000;12577,000000000000000000;12577,000000000000000000
520;12577,000000000000000000;12577,000000000000000000;12577,000000000000000000
521;12577,000000000000000000;12577,000000000000000000;12577,000000000000000000
522;12577,000000000000000000;12577,000000000000000000;12577,000000000000000000
523;12577,000000000000000000;12577,000000000000000000;12577,000000000000000000
524;12577,000000000000000000;12577,000000000000000000;12577,000000000000000000
525;12577,000000000000000000;12577,000000000000000000;12577,000000000000000000
526;12577,000000000000000000;12577,000000000000000000;12577,000000000000000000
527;12577,000000000000000000;12577,000000000000000000;12577,000000000000000000
528;12577,000000000000000000;12577,000000000000000000;12577,000000000000000000
529;12577,000000000000000000;12577,000000000000000000;12577,000000000000000000
530;12577,000000000000000000;12577,000000000000000000;12577,000000000000000000
531;12577,000000000000000000;12577,000000000000000000;12577,000000000000000000
532;12577,000000000000000000;12577,000000000000000000;12577,000000000000000000
533;12577,000000000000000000;12577,000000000000000000;12577,000000000000000000
534;12577,000000000000000000;12577,000000000000000000;12577,000000000000000000
535;12577,000000000000000000;12577,000000000000000000;12577,000000000000000000
536;12577,000000000000000000;12577,000000000000000000;12577,000000000000000000
537;12577,000000000000000000;12577,000000000000000000;12577,000000000000000000
538;12577,000000000000000000;12577,000000000000000000;12577,000000000000000000
539;12577,000000000000000000;12577,000000000000000000;12577,000000000000000000
540;12577,000000000000000000;12577,000000000000000000;12577,000000000000000000
541;12577,000000000000000000;12577,000000000000000000;12577,000000000000000000
542;12577,000000000000000000;12577,000000000000000000;12577,000000000000000000
543;12577,000000000000000000;12577,000000000000000000;12577,000000000000000000
544;12577,000000000000000000;12577,000000000000000000;12577,000000000000000000
545;12577,000000000000000000;12577,000000000000000000;12577,000000000000000000
546;12577,000000000000000000;12577,000000000000000000;12577,000000000000000000
547;12577,000000000000000000;12577,000000000000000000;12577,000000000000000000
548;12577,000000000000000000;12577,000000000000000000;12577,000000000000000000
549;12577,000000000000000000;12577,000000000000000000;12577,000000000000000000
550;12577,000000000000000000;12577,000000000000000000;12577,000000000000000000
551;12577,000000000000000000;12577,000000000000000000;12577,000000000000000000
552;12577,000000000000000000;12577,000000000000000000;12577,000000000000000000
553;12577,000000000000000000;12577,000000000000000000;12577,000000000000000000
554;12577,000000000000000000;12577,000000000000000000;12577,000000000000000000
555;12577,000000000000000000;12577,000000000000000000;12577,000000000000000000
556;12577,000000000000000000;12577,000000000000000000;12577,000000000000000000
557;12577,000000000000000000;12577,000000000000000000;12577,000000000000000000
558;12577,000000000000000000;12577,000000000000000000;12577,000000000000000000
559;12577,000000000000000000;12577,000000000000000000;12577,000000000000000000
560;12577,000000000000000000;12577,000000000000000000;12577,000000000000000000
561;12577,000000000000000000;12577,000000000000000000;12577,000000000000000000
562;12577,000000000000000000;12577,000000000000000000;12577,000000000000000000
563;12577,000000000000000000;12577,000000000000000000;12577,000000000000000000
564;12577,000000000000000000;12577,000000000000000000;12577,000000000000000000
565;12577,000000000000000000;12577,000000000000000000;12577,000000000000000000
566;12577,000000000000000000;12577,000000000000000000;12577,000000000000000000
567;12577,000000000000000000;12577,000000000000000000;12577,000000000000000000
568;12577,000000000000000000;12577,000000000000000000;12577,000000000000000000
569;12577,000000000000000000;12577,000000000000000000;12577,000000000000000000
570;12577,000000000000000000;12577,000000000000000000;12577,000000000000000000
571;12577,000000000000000000;12577,000000000000000000;12577,000000000000000000
572;12577,000000000000000000;12577,000000000000000000;12577,000000000000000000
573;12577,000000000000000000;12577,000000000000000000;12577,000000000000000000
574;12577,000000000000000000;12577,000000000000000000;12577,000000000000000000
575;12577,000000000000000000;12577,000000000000000000;12577,000000000000000000
576;12577,000000000000000000;12577,000000000000000000;12577,000000000000000000
577;12577,000000000000000000;12577,000000000000000000;12577,000000000000000000
578;12577,000000000000000000;12577,000000000000000000;12577,000000000000000000
579;12577,000000000000000000;12577,000000000000000000;12577,000000000000000000
580;12577,000000000000000000;12577,000000000000000000;12577,000000000000000000
581;12577,000000000000000000;12577,000000000000000000;12577,000000000000000000
582;12577,000000000000000000;12577,000000000000000000;12577,000000000000000000
583;12577,000000000000000000;12577,000000000000000000;12577,000000000000000000
584;12577,000000000000000000;12577,000000000000000000;12577,000000000000000000
585;12577,000000000000000000;12577,000000000000000000;12577,000000000000000000
586;12577,000000000000000000;12577,000000000000000000;12577,000000000000000000
587;12577,000000000000000000;12577,000000000000000000;12577,000000000000000000
588;12577,000000000000000000;12577,000000000000000000;12577,000000000000000000
589;12577,000000000000000000;12577,000000000000000000;12577,000000000000000000
590;12577,000000000000000000;12577,000000000000000000;12577,000000000000000000
591;12577,000000000000000000;12577,000000000000000000;12577,000000000000000000
592;12577,000000000000000000;12577,000000000000000000;12577,000000000000000000
593;12577,000000000000000000;12577,000000000000000000;12577,000000000000000000
594;12577,000000000000000000;12577,000000000000000000;12577,000000000000000000
595;12577,000000000000000000;12577,000000000000000000;12577,000000000000000000
596;12577,000000000000000000;12577,000000000000000000;12577,000000000000000000
597;12577,000000000000000000;12577,000000000000000000;12577,000000000000000000
598;12577,000000000000000000;12577,000000000000000000;12577,000000000000000000
599;12577,000000000000000000;12577,000000000000000000;12577,000000000000000000
600;12577,000000000000000000;12577,000000000000000000;12577,000000000000000000
601;12577,000000000000000000;12577,000000000000000000;12577,000000000000000000
602;12577,000000000000000000;12577,000000000000000000;12577,000000000000000000
603;12577,000000000000000000;12577,000000000000000000;12577,000000000000000000
604;12577,000000000000000000;12577,000000000000000000;12577,000000000000000000
605;12577,000000000000000000;12577,000000000000000000;12577,000000000000000000
606;12577,000000000000000000;12577,000000000000000000;12577,000000000000000000
607;12577,000000000000000000;12577,000000000000000000;12577,000000000000000000
608;12577,000000000000000000;12577,000000000000000000;12577,000000000000000000
609;12577,000000000000000000;12577,000000000000000000;12577,000000000000000000
610;12577,000000000000000000;12577,000000000000000000;12577,000000000000000000
611;12577,000000000000000000;12577,000000000000000000;12577,000000000000000000
612;12577,000000000000000000;12577,000000000000000000;12577,000000000000000000
613;12577,000000000000000000;12577,000000000000000000;12577,000000000000000000
614;12577,000000000000000000;12577,000000000000000000;12577,000000000000000000
615;12577,000000000000000000;12577,000000000000000000;12577,000000000000000000
616;12577,000000000000000000;12577,000000000000000000;12577,000000000000000000
617;12577,000000000000000000;12577,000000000000000000;12577,000000000000000000
618;12577,000000000000000000;12577,000000000000000000;12577,000000000000000000
619;12577,000000000000000000;12577,000000000000000000;12577,000000000000000000
620;12577,000000000000000000;12577,000000000000000000;12577,000000000000000000
621;12577,000000000000000000;12577,000000000000000000;12577,000000000000000000
622;12577,000000000000000000;12577,000000000000000000;12577,000000000000000000
623;12577,000000000000000000;12577,000000000000000000;12577,000000000000000000
624;12577,000000000000000000;12577,000000000000000000;12577,000000000000000000
625;12577,000000000000000000;12577,000000000000000000;12577,000000000000000000
626;12577,000000000000000000;12577,000000000000000000;12577,000000000000000000
627;12577,000000000000000000;12577,000000000000000000;12577,000000000000000000
628;12577,000000000000000000;12577,000000000000000000;12577,000000000000000000
629;12577,000000000000000000;12577,000000000000000000;12577,000000000000000000
630;12577,000000000000000000;12577,000000000000000000;12577,000000000000000000
631;12577,000000000000000000;12577,000000000000000000;12577,000000000000000000
632;12577,000000000000000000;12577,000000000000000000;12577,000000000000000000
633;12577,000000000000000000;12577,000000000000000000;12577,000000000000000000
634;12577,000000000000000000;12577,000000000000000000;12577,000000000000000000
635;12577,000000000000000000;12577,000000000000000000;12577,000000000000000000
636;12577,000000000000000000;12577,000000000000000000;12577,000000000000000000
637;12577,000000000000000000;12577,000000000000000000;12577,000000000000000000
638;12577,000000000000000000;12577,000000000000000000;12577,000000000000000000
639;12577,000000000000000000;12577,000000000000000000;12577,000000000000000000
640;12577,000000000000000000;12577,000000000000000000;12577,000000000000000000
641;12577,000000000000000000;12577,000000000000000000;12577,000000000000000000
642;12577,000000000000000000;12577,000000000000000000;12577,000000000000000000
643;12577,000000000000000000;12577,000000000000000000;12577,000000000000000000
644;12577,000000000000000000;12577,000000000000000000;12577,000000000000000000
645;12577,000000000000000000;12577,000000000000000000;12577,000000000000000000
646;12577,000000000000000000;12577,000000000000000000;12577,000000000000000000
647;12577,000000000000000000;12577,000000000000000000;12577,000000000000000000
648;12577,000000000000000000;12577,000000000000000000;12577,000000000000000000
649;12577,000000000000000000;12577,000000000000000000;12577,000000000000000000
650;12577,000000000000000000;12577,000000000000000000;12577,000000000000000000
651;12577,000000000000000000;12577,000000000000000000;12577,000000000000000000
652;12577,000000000000000000;12577,000000000000000000;12577,000000000000000000
653;12577,000000000000000000;12577,000000000000000000;12577,000000000000000000
654;12577,000000000000000000;12577,000000000000000000;12577,000000000000000000
655;12577,000000000000000000;12577,000000000000000000;12577,000000000000000000
656;12577,000000000000000000;12577,000000000000000000;12577,000000000000000000
657;12577,000000000000000000;12577,000000000000000000;12577,000000000000000000
658;12577,000000000000000000;12577,000000000000000000;12577,000000000000000000
659;12577,000000000000000000;12577,000000000000000000;12577,000000000000000000
660;12577,000000000000000000;12577,000000000000000000;12577,000000000000000000
661;12577,000000000000000000;12577,000000000000000000;12577,000000000000000000
662;12577,000000000000000000;12577,000000000000000000;12577,000000000000000000
663;12577,000000000000000000;12577,000000000000000000;12577,000000000000000000
664;12577,000000000000000000;12577,000000000000000000;12577,000000000000000000
665;12577,000000000000000000;12577,000000000000000000;12577,000000000000000000
666;12577,000000000000000000;12577,000000000000000000;12577,000000000000000000
667;12577,000000000000000000;12577,000000000000000000;12577,000000000000000000
668;12577,000000000000000000;12577,000000000000000000;12577,000000000000000000
669;12577,000000000000000000;12577,000000000000000000;12577,000000000000000000
670;12577,000000000000000000;12577,000000000000000000;12577,000000000000000000
671;12577,000000000000000000;12577,000000000000000000;12577,000000000000000000
672;12577,000000000000000000;12577,000000000000000000;12577,000000000000000000
673;12577,000000000000000000;12577,000000000000000000;12577,000000000000000000
674;12577,000000000000000000;12577,000000000000000000;12577,000000000000000000
675;12577,000000000000000000;12577,000000000000000000;12577,000000000000000000
676;12577,000000000000000000;12577,000000000000000000;12577,000000000000000000
677;12577,000000000000000000;12577,000000000000000000;12577,000000000000000000
678;12577,000000000000000000;12577,000000000000000000;12577,000000000000000000
679;12577,000000000000000000;12577,000000000000000000;12577,000000000000000000
680;12577,000000000000000000;12577,000000000000000000;12577,000000000000000000
681;12577,000000000000000000;12577,000000000000000000;12577,000000000000000000
682;12577,000000000000000000;12577,000000000000000000;12577,000000000000000000
683;12577,000000000000000000;12577,000000000000000000;12577,000000000000000000
684;12577,000000000000000000;12577,000000000000000000;12577,000000000000000000
685;12577,000000000000000000;12577,000000000000000000;12577,000000000000000000
686;12577,000000000000000000;12577,000000000000000000;12577,000000000000000000
687;12577,000000000000000000;12577,000000000000000000;12577,000000000000000000
688;12577,000000000000000000;12577,000000000000000000;12577,000000000000000000
689;12577,000000000000000000;12577,000000000000000000;12577,000000000000000000
690;12577,000000000000000000;12577,000000000000000000;12577,000000000000000000
691;12577,000000000000000000;12577,000000000000000000;12577,000000000000000000
692;12577,000000000000000000;12577,000000000000000000;12577,000000000000000000
693;12577,000000000000000000;12577,000000000000000000;12577,000000000000000000
694;12577,000000000000000000;12577,000000000000000000;12577,000000000000000000
695;12577,000000000000000000;12577,000000000000000000;12577,000000000000000000
696;12577,000000000000000000;12577,000000000000000000;12577,000000000000000000
697;12577,000000000000000000;12577,000000000000000000;12577,000000000000000000
698;12577,000000000000000000;12577,000000000000000000;12577,000000000000000000
699;12577,000000000000000000;12577,000000000000000000;12577,000000000000000000
700;12577,000000000000000000;12577,000000000000000000;12577,000000000000000000
701;12577,000000000000000000;12577,000000000000000000;12577,000000000000000000
702;12577,000000000000000000;12577,000000000000000000;12577,000000000000000000
703;12577,000000000000000000;12577,000000000000000000;12577,000000000000000000
704;12577,000000000000000000;12577,000000000000000000;12577,000000000000000000
705;12577,000000000000000000;12577,000000000000000000;12577,000000000000000000
706;12577,000000000000000000;12577,000000000000000000;12577,000000000000000000
707;12577,000000000000000000;12577,000000000000000000;12577,000000000000000000
708;12577,000000000000000000;12577,000000000000000000;12577,000000000000000000
709;12577,000000000000000000;12577,000000000000000000;12577,000000000000000000
710;12577,000000000000000000;12577,000000000000000000;12577,000000000000000000
711;12577,000000000000000000;12577,000000000000000000;12577,000000000000000000
712;12577,000000000000000000;12577,000000000000000000;12577,000000000000000000
713;12577,000000000000000000;12577,000000000000000000;12577,000000000000000000
714;12577,000000000000000000;12577,000000000000000000;12577,000000000000000000
715;12577,000000000000000000;12577,000000000000000000;12577,000000000000000000
716;12577,000000000000000000;12577,000000000000000000;12577,000000000000000000
717;12577,000000000000000000;12577,000000000000000000;12577,000000000000000000
718;12577,000000000000000000;12577,000000000000000000;12577,000000000000000000
719;12577,000000000000000000;12577,000000000000000000;12577,000000000000000000
720;12577,000000000000000000;12577,000000000000000000;12577,000000000000000000
721;12577,000000000000000000;12577,000000000000000000;12577,000000000000000000
722;12577,000000000000000000;12577,000000000000000000;12577,000000000000000000
723;12577,000000000000000000;12577,000000000000000000;12577,000000000000000000
724;12577,000000000000000000;12577,000000000000000000;12577,000000000000000000
725;12577,000000000000000000;12577,000000000000000000;12577,000000000000000000
726;12577,000000000000000000;12577,000000000000000000;12577,000000000000000000
727;12577,000000000000000000;12577,000000000000000000;12577,000000000000000000
728;12577,000000000000000000;12577,000000000000000000;12577,000000000000000000
729;12577,000000000000000000;12577,000000000000000000;12577,000000000000000000
730;12577,000000000000000000;12577,000000000000000000;12577,000000000000000000
731;12577,000000000000000000;12577,000000000000000000;12577,000000000000000000
732;12577,000000000000000000;12577,000000000000000000;12577,000000000000000000
733;12577,000000000000000000;12577,000000000000000000;12577,000000000000000000
734;12577,000000000000000000;12577,000000000000000000;12577,000000000000000000
735;12577,000000000000000000;12577,000000000000000000;12577,000000000000000000
736;12577,000000000000000000;12577,000000000000000000;12577,000000000000000000
737;12577,000000000000000000;12577,000000000000000000;12577,000000000000000000
738;12577,000000000000000000;12577,000000000000000000;12577,000000000000000000
739;12577,000000000000000000;12577,000000000000000000;12577,000000000000000000
740;12577,000000000000000000;12577,000000000000000000;12577,000000000000000000
741;12577,000000000000000000;12577,000000000000000000;12577,000000000000000000
742;12577,000000000000000000;12577,000000000000000000;12577,000000000000000000
743;12577,000000000000000000;12577,000000000000000000;12577,000000000000000000
744;12577,000000000000000000;12577,000000000000000000;12577,000000000000000000
745;12577,000000000000000000;12577,000000000000000000;12577,000000000000000000
746;12577,000000000000000000;12577,000000000000000000;12577,000000000000000000
747;12577,000000000000000000;12577,000000000000000000;12577,000000000000000000
748;12577,000000000000000000;12577,000000000000000000;12577,000000000000000000
749;12577,000000000000000000;12577,000000000000000000;12577,000000000000000000
