0;3028,000000000000000000;1086,000000000000000000;2045,000000000000000000
1;3111,000000000000000000;1171,000000000000000000;2045,000000000000000000
2;3111,000000000000000000;972,000000000000000000;2057,000000000000000000
3;3111,000000000000000000;1198,000000000000000000;2084,000000000000000000
4;3111,000000000000000000;1208,000000000000000000;2100,000000000000000000
5;3111,000000000000000000;1135,000000000000000000;2107,000000000000000000
6;3162,000000000000000000;1249,000000000000000000;2114,000000000000000000
7;3162,000000000000000000;1213,000000000000000000;2139,000000000000000000
8;3162,000000000000000000;1008,000000000000000000;2112,000000000000000000
9;3162,000000000000000000;1064,000000000000000000;2089,000000000000000000
10;3162,000000000000000000;1120,000000000000000000;2142,000000000000000000
11;3162,000000000000000000;1062,000000000000000000;2145,000000000000000000
12;3162,000000000000000000;1204,000000000000000000;2103,000000000000000000
13;3162,000000000000000000;1106,000000000000000000;2111,000000000000000000
14;3162,000000000000000000;1229,000000000000000000;2119,000000000000000000
15;3162,000000000000000000;1198,000000000000000000;2136,000000000000000000
16;3162,000000000000000000;1222,000000000000000000;2154,000000000000000000
17;3162,000000000000000000;1064,000000000000000000;2165,000000000000000000
18;3162,000000000000000000;1079,000000000000000000;2148,000000000000000000
19;3162,000000000000000000;1307,000000000000000000;2125,000000000000000000
20;3162,000000000000000000;1251,000000000000000000;2132,000000000000000000
21;3162,000000000000000000;1307,000000000000000000;2109,000000000000000000
22;3174,000000000000000000;1215,000000000000000000;2150,000000000000000000
23;3174,000000000000000000;1405,000000000000000000;2132,000000000000000000
24;3174,000000000000000000;1006,000000000000000000;2127,000000000000000000
25;3174,000000000000000000;1184,000000000000000000;2092,000000000000000000
26;3174,000000000000000000;1344,000000000000000000;2136,000000000000000000
27;3174,000000000000000000;1400,000000000000000000;2112,000000000000000000
28;3174,000000000000000000;834,000000000000000000;2138,000000000000000000
29;3174,000000000000000000;807,000000000000000000;2094,000000000000000000
30;3174,000000000000000000;1024,000000000000000000;2120,000000000000000000
31;3174,000000000000000000;1293,000000000000000000;2137,000000000000000000
32;3174,000000000000000000;1208,000000000000000000;2117,000000000000000000
33;3174,000000000000000000;1271,000000000000000000;2118,000000000000000000
34;3174,000000000000000000;1220,000000000000000000;2116,000000000000000000
35;3174,000000000000000000;1215,000000000000000000;2171,000000000000000000
36;3236,000000000000000000;1220,000000000000000000;2140,000000000000000000
37;3236,000000000000000000;1180,000000000000000000;2136,000000000000000000
38;3236,000000000000000000;1218,000000000000000000;2134,000000000000000000
39;3236,000000000000000000;1401,000000000000000000;2136,000000000000000000
40;3236,000000000000000000;1135,000000000000000000;2125,000000000000000000
41;3236,000000000000000000;997,000000000000000000;2124,000000000000000000
42;3236,000000000000000000;1278,000000000000000000;2140,000000000000000000
43;3236,000000000000000000;1267,000000000000000000;2103,000000000000000000
44;3236,000000000000000000;1204,000000000000000000;2139,000000000000000000
45;3236,000000000000000000;1086,000000000000000000;2150,000000000000000000
46;3236,000000000000000000;1053,000000000000000000;2140,000000000000000000
47;3236,000000000000000000;1215,000000000000000000;2120,000000000000000000
48;3236,000000000000000000;1298,000000000000000000;2152,000000000000000000
49;3236,000000000000000000;1276,000000000000000000;2139,000000000000000000
50;3236,000000000000000000;1140,000000000000000000;2141,000000000000000000
51;3236,000000000000000000;1249,000000000000000000;2146,000000000000000000
52;3236,000000000000000000;1293,000000000000000000;2128,000000000000000000
53;3236,000000000000000000;1166,000000000000000000;2164,000000000000000000
54;3236,000000000000000000;1135,000000000000000000;2143,000000000000000000
55;3236,000000000000000000;1378,000000000000000000;2135,000000000000000000
56;3236,000000000000000000;1209,000000000000000000;2128,000000000000000000
57;3236,000000000000000000;1222,000000000000000000;2117,000000000000000000
58;3236,000000000000000000;1286,000000000000000000;2133,000000000000000000
59;3236,000000000000000000;1229,000000000000000000;2141,000000000000000000
60;3236,000000000000000000;1363,000000000000000000;2138,000000000000000000
61;3236,000000000000000000;1240,000000000000000000;2111,000000000000000000
62;3236,000000000000000000;1193,000000000000000000;2112,000000000000000000
63;3236,000000000000000000;1376,000000000000000000;2137,000000000000000000
64;3236,000000000000000000;872,000000000000000000;2115,000000000000000000
65;3236,000000000000000000;1215,000000000000000000;2152,000000000000000000
66;3236,000000000000000000;1175,000000000000000000;2157,000000000000000000
67;3236,000000000000000000;1028,000000000000000000;2149,000000000000000000
68;3236,000000000000000000;1131,000000000000000000;2123,000000000000000000
69;3236,000000000000000000;1193,000000000000000000;2146,000000000000000000
70;3236,000000000000000000;1211,000000000000000000;2158,000000000000000000
71;3236,000000000000000000;1380,000000000000000000;2157,000000000000000000
72;3236,000000000000000000;1055,000000000000000000;2152,000000000000000000
73;3236,000000000000000000;1436,000000000000000000;2146,000000000000000000
74;3236,000000000000000000;1222,000000000000000000;2144,000000000000000000
75;3236,000000000000000000;1240,000000000000000000;2139,000000000000000000
76;3236,000000000000000000;1374,000000000000000000;2140,000000000000000000
77;3236,000000000000000000;1211,000000000000000000;2122,000000000000000000
78;3236,000000000000000000;1242,000000000000000000;2128,000000000000000000
79;3236,000000000000000000;1023,000000000000000000;2139,000000000000000000
80;3236,000000000000000000;1086,000000000000000000;2136,000000000000000000
81;3236,000000000000000000;1008,000000000000000000;2152,000000000000000000
82;3236,000000000000000000;794,000000000000000000;2139,000000000000000000
83;3236,000000000000000000;1028,000000000000000000;2139,000000000000000000
84;3236,000000000000000000;1220,000000000000000000;2165,000000000000000000
85;3236,000000000000000000;1189,000000000000000000;2171,000000000000000000
86;3236,000000000000000000;1456,000000000000000000;2162,000000000000000000
87;3236,000000000000000000;763,000000000000000000;2154,000000000000000000
88;3236,000000000000000000;780,000000000000000000;2181,000000000000000000
89;3236,000000000000000000;1008,000000000000000000;2154,000000000000000000
90;3236,000000000000000000;1198,000000000000000000;2119,000000000000000000
91;3236,000000000000000000;1086,000000000000000000;2158,000000000000000000
92;3236,000000000000000000;1251,000000000000000000;2147,000000000000000000
93;3236,000000000000000000;1175,000000000000000000;2148,000000000000000000
94;3236,000000000000000000;1023,000000000000000000;2147,000000000000000000
95;3236,000000000000000000;1215,000000000000000000;2167,000000000000000000
96;3236,000000000000000000;1222,000000000000000000;2170,000000000000000000
97;3236,000000000000000000;984,000000000000000000;2166,000000000000000000
98;3236,000000000000000000;1307,000000000000000000;2153,000000000000000000
99;3236,000000000000000000;1271,000000000000000000;2163,000000000000000000
100;3236,000000000000000000;1193,000000000000000000;2134,000000000000000000
101;3236,000000000000000000;1064,000000000000000000;2135,000000000000000000
102;3236,000000000000000000;950,000000000000000000;2150,000000000000000000
103;3236,000000000000000000;1215,000000000000000000;2160,000000000000000000
104;3236,000000000000000000;1037,000000000000000000;2144,000000000000000000
105;3236,000000000000000000;1213,000000000000000000;2156,000000000000000000
106;3236,000000000000000000;1196,000000000000000000;2117,000000000000000000
107;3236,000000000000000000;1222,000000000000000000;2156,000000000000000000
108;3236,000000000000000000;1200,000000000000000000;2171,000000000000000000
109;3236,000000000000000000;740,000000000000000000;2116,000000000000000000
110;3236,000000000000000000;923,000000000000000000;2157,000000000000000000
111;3236,000000000000000000;1101,000000000000000000;2127,000000000000000000
112;3236,000000000000000000;1276,000000000000000000;2131,000000000000000000
113;3236,000000000000000000;832,000000000000000000;2119,000000000000000000
114;3236,000000000000000000;1064,000000000000000000;2135,000000000000000000
115;3236,000000000000000000;1006,000000000000000000;2106,000000000000000000
116;3236,000000000000000000;1430,000000000000000000;2118,000000000000000000
117;3236,000000000000000000;1410,000000000000000000;2147,000000000000000000
118;3236,000000000000000000;1213,000000000000000000;2155,000000000000000000
119;3236,000000000000000000;1050,000000000000000000;2110,000000000000000000
120;3236,000000000000000000;1340,000000000000000000;2139,000000000000000000
121;3236,000000000000000000;1249,000000000000000000;2136,000000000000000000
122;3236,000000000000000000;1371,000000000000000000;2159,000000000000000000
123;3236,000000000000000000;1050,000000000000000000;2168,000000000000000000
124;3236,000000000000000000;1307,000000000000000000;2113,000000000000000000
125;3236,000000000000000000;1278,000000000000000000;2141,000000000000000000
126;3236,000000000000000000;1200,000000000000000000;2152,000000000000000000
127;3236,000000000000000000;1251,000000000000000000;2143,000000000000000000
128;3236,000000000000000000;1305,000000000000000000;2124,000000000000000000
129;3236,000000000000000000;1157,000000000000000000;2154,000000000000000000
130;3236,000000000000000000;1271,000000000000000000;2147,000000000000000000
131;3236,000000000000000000;1157,000000000000000000;2185,000000000000000000
132;3236,000000000000000000;1271,000000000000000000;2162,000000000000000000
133;3236,000000000000000000;1441,000000000000000000;2167,000000000000000000
134;3236,000000000000000000;1271,000000000000000000;2152,000000000000000000
135;3236,000000000000000000;1349,000000000000000000;2144,000000000000000000
136;3236,000000000000000000;1015,000000000000000000;2134,000000000000000000
137;3236,000000000000000000;1271,000000000000000000;2161,000000000000000000
138;3236,000000000000000000;1162,000000000000000000;2156,000000000000000000
139;3236,000000000000000000;1276,000000000000000000;2158,000000000000000000
140;3236,000000000000000000;1305,000000000000000000;2158,000000000000000000
141;3236,000000000000000000;1162,000000000000000000;2139,000000000000000000
142;3236,000000000000000000;979,000000000000000000;2139,000000000000000000
143;3236,000000000000000000;1285,000000000000000000;2140,000000000000000000
144;3236,000000000000000000;1162,000000000000000000;2145,000000000000000000
145;3236,000000000000000000;1414,000000000000000000;2173,000000000000000000
146;3236,000000000000000000;1414,000000000000000000;2164,000000000000000000
147;3236,000000000000000000;1344,000000000000000000;2121,000000000000000000
148;3236,000000000000000000;1229,000000000000000000;2130,000000000000000000
149;3236,000000000000000000;972,000000000000000000;2126,000000000000000000
150;3236,000000000000000000;1305,000000000000000000;2148,000000000000000000
151;3236,000000000000000000;1171,000000000000000000;2129,000000000000000000
152;3236,000000000000000000;836,000000000000000000;2142,000000000000000000
153;3236,000000000000000000;1220,000000000000000000;2172,000000000000000000
154;3236,000000000000000000;1278,000000000000000000;2180,000000000000000000
155;3236,000000000000000000;1164,000000000000000000;2151,000000000000000000
156;3236,000000000000000000;1249,000000000000000000;2185,000000000000000000
157;3236,000000000000000000;1271,000000000000000000;2155,000000000000000000
158;3236,000000000000000000;1307,000000000000000000;2166,000000000000000000
159;3236,000000000000000000;1242,000000000000000000;2167,000000000000000000
160;3236,000000000000000000;1198,000000000000000000;2149,000000000000000000
161;3236,000000000000000000;1249,000000000000000000;2144,000000000000000000
162;3236,000000000000000000;1285,000000000000000000;2142,000000000000000000
163;3236,000000000000000000;1307,000000000000000000;2160,000000000000000000
164;3236,000000000000000000;1220,000000000000000000;2160,000000000000000000
165;3236,000000000000000000;1267,000000000000000000;2162,000000000000000000
166;3236,000000000000000000;1019,000000000000000000;2143,000000000000000000
167;3236,000000000000000000;1271,000000000000000000;2137,000000000000000000
168;3236,000000000000000000;1245,000000000000000000;2153,000000000000000000
169;3236,000000000000000000;1086,000000000000000000;2136,000000000000000000
170;3236,000000000000000000;1220,000000000000000000;2149,000000000000000000
171;3236,000000000000000000;1307,000000000000000000;2142,000000000000000000
172;3236,000000000000000000;1242,000000000000000000;2128,000000000000000000
173;3236,000000000000000000;1193,000000000000000000;2136,000000000000000000
174;3236,000000000000000000;1008,000000000000000000;2143,000000000000000000
175;3236,000000000000000000;1084,000000000000000000;2158,000000000000000000
176;3236,000000000000000000;1441,000000000000000000;2129,000000000000000000
177;3236,000000000000000000;1344,000000000000000000;2158,000000000000000000
178;3236,000000000000000000;979,000000000000000000;2146,000000000000000000
179;3236,000000000000000000;1307,000000000000000000;2160,000000000000000000
180;3236,000000000000000000;1296,000000000000000000;2155,000000000000000000
181;3236,000000000000000000;1215,000000000000000000;2130,000000000000000000
182;3236,000000000000000000;1345,000000000000000000;2151,000000000000000000
183;3236,000000000000000000;1001,000000000000000000;2136,000000000000000000
184;3236,000000000000000000;1240,000000000000000000;2147,000000000000000000
185;3236,000000000000000000;1251,000000000000000000;2157,000000000000000000
186;3236,000000000000000000;1001,000000000000000000;2134,000000000000000000
187;3236,000000000000000000;1086,000000000000000000;2122,000000000000000000
188;3236,000000000000000000;1267,000000000000000000;2133,000000000000000000
189;3236,000000000000000000;1400,000000000000000000;2159,000000000000000000
190;3236,000000000000000000;1220,000000000000000000;2169,000000000000000000
191;3236,000000000000000000;1064,000000000000000000;2130,000000000000000000
192;3236,000000000000000000;1179,000000000000000000;2122,000000000000000000
193;3236,000000000000000000;1271,000000000000000000;2134,000000000000000000
194;3236,000000000000000000;1267,000000000000000000;2143,000000000000000000
195;3236,000000000000000000;1179,000000000000000000;2116,000000000000000000
196;3236,000000000000000000;1229,000000000000000000;2158,000000000000000000
197;3236,000000000000000000;1222,000000000000000000;2132,000000000000000000
198;3236,000000000000000000;979,000000000000000000;2127,000000000000000000
199;3236,000000000000000000;1226,000000000000000000;2134,000000000000000000
200;3236,000000000000000000;1184,000000000000000000;2118,000000000000000000
201;3236,000000000000000000;1166,000000000000000000;2122,000000000000000000
202;3236,000000000000000000;1006,000000000000000000;2094,000000000000000000
203;3236,000000000000000000;1222,000000000000000000;2110,000000000000000000
204;3236,000000000000000000;1166,000000000000000000;2130,000000000000000000
205;3236,000000000000000000;899,000000000000000000;2096,000000000000000000
206;3236,000000000000000000;979,000000000000000000;2077,000000000000000000
207;3236,000000000000000000;1064,000000000000000000;2104,000000000000000000
208;3236,000000000000000000;1271,000000000000000000;2086,000000000000000000
209;3236,000000000000000000;758,000000000000000000;2104,000000000000000000
210;3236,000000000000000000;979,000000000000000000;2091,000000000000000000
211;3236,000000000000000000;979,000000000000000000;2125,000000000000000000
212;3236,000000000000000000;1307,000000000000000000;2114,000000000000000000
213;3236,000000000000000000;885,000000000000000000;2081,000000000000000000
214;3236,000000000000000000;1024,000000000000000000;2093,000000000000000000
215;3236,000000000000000000;1271,000000000000000000;2070,000000000000000000
216;3236,000000000000000000;1204,000000000000000000;2072,000000000000000000
217;3236,000000000000000000;1298,000000000000000000;2131,000000000000000000
218;3236,000000000000000000;1245,000000000000000000;2109,000000000000000000
219;3236,000000000000000000;1215,000000000000000000;2121,000000000000000000
220;3236,000000000000000000;977,000000000000000000;2135,000000000000000000
221;3236,000000000000000000;910,000000000000000000;2132,000000000000000000
222;3236,000000000000000000;1363,000000000000000000;2159,000000000000000000
223;3236,000000000000000000;1142,000000000000000000;2123,000000000000000000
224;3236,000000000000000000;1374,000000000000000000;2126,000000000000000000
225;3236,000000000000000000;1309,000000000000000000;2138,000000000000000000
226;3236,000000000000000000;1050,000000000000000000;2136,000000000000000000
227;3236,000000000000000000;1189,000000000000000000;2155,000000000000000000
228;3236,000000000000000000;758,000000000000000000;2137,000000000000000000
229;3236,000000000000000000;1222,000000000000000000;2144,000000000000000000
230;3236,000000000000000000;1006,000000000000000000;2117,000000000000000000
231;3236,000000000000000000;1193,000000000000000000;2161,000000000000000000
232;3236,000000000000000000;1229,000000000000000000;2161,000000000000000000
233;3236,000000000000000000;1427,000000000000000000;2144,000000000000000000
234;3236,000000000000000000;1318,000000000000000000;2157,000000000000000000
235;3236,000000000000000000;1276,000000000000000000;2133,000000000000000000
236;3236,000000000000000000;1120,000000000000000000;2107,000000000000000000
237;3236,000000000000000000;1220,000000000000000000;2139,000000000000000000
238;3236,000000000000000000;1229,000000000000000000;2147,000000000000000000
239;3236,000000000000000000;1285,000000000000000000;2118,000000000000000000
240;3236,000000000000000000;1293,000000000000000000;2115,000000000000000000
241;3236,000000000000000000;1267,000000000000000000;2120,000000000000000000
242;3236,000000000000000000;914,000000000000000000;2118,000000000000000000
243;3236,000000000000000000;1220,000000000000000000;2116,000000000000000000
244;3236,000000000000000000;977,000000000000000000;2119,000000000000000000
245;3236,000000000000000000;1184,000000000000000000;2119,000000000000000000
246;3236,000000000000000000;1157,000000000000000000;2120,000000000000000000
247;3236,000000000000000000;1249,000000000000000000;2134,000000000000000000
248;3236,000000000000000000;987,000000000000000000;2113,000000000000000000
249;3236,000000000000000000;979,000000000000000000;2133,000000000000000000
250;3236,000000000000000000;1028,000000000000000000;2127,000000000000000000
251;3236,000000000000000000;919,000000000000000000;2127,000000000000000000
252;3236,000000000000000000;1211,000000000000000000;2140,000000000000000000
253;3236,000000000000000000;1307,000000000000000000;2163,000000000000000000
254;3236,000000000000000000;1382,000000000000000000;2101,000000000000000000
255;3236,000000000000000000;1220,000000000000000000;2136,000000000000000000
256;3236,000000000000000000;1187,000000000000000000;2116,000000000000000000
257;3236,000000000000000000;1251,000000000000000000;2137,000000000000000000
258;3236,000000000000000000;1157,000000000000000000;2156,000000000000000000
259;3236,000000000000000000;1157,000000000000000000;2145,000000000000000000
260;3236,000000000000000000;1157,000000000000000000;2144,000000000000000000
261;3236,000000000000000000;1271,000000000000000000;2150,000000000000000000
262;3236,000000000000000000;1407,000000000000000000;2151,000000000000000000
263;3236,000000000000000000;1240,000000000000000000;2127,000000000000000000
264;3236,000000000000000000;1378,000000000000000000;2148,000000000000000000
265;3236,000000000000000000;1307,000000000000000000;2125,000000000000000000
266;3236,000000000000000000;1222,000000000000000000;2122,000000000000000000
267;3236,000000000000000000;1093,000000000000000000;2135,000000000000000000
268;3236,000000000000000000;1322,000000000000000000;2138,000000000000000000
269;3236,000000000000000000;1086,000000000000000000;2133,000000000000000000
270;3236,000000000000000000;1028,000000000000000000;2153,000000000000000000
271;3236,000000000000000000;1204,000000000000000000;2179,000000000000000000
272;3236,000000000000000000;1307,000000000000000000;2175,000000000000000000
273;3236,000000000000000000;1148,000000000000000000;2160,000000000000000000
274;3236,000000000000000000;1271,000000000000000000;2187,000000000000000000
275;3236,000000000000000000;1153,000000000000000000;2176,000000000000000000
276;3236,000000000000000000;1307,000000000000000000;2177,000000000000000000
277;3236,000000000000000000;1137,000000000000000000;2150,000000000000000000
278;3236,000000000000000000;1215,000000000000000000;2156,000000000000000000
279;3236,000000000000000000;1418,000000000000000000;2132,000000000000000000
280;3236,000000000000000000;1271,000000000000000000;2145,000000000000000000
281;3236,000000000000000000;1254,000000000000000000;2142,000000000000000000
282;3236,000000000000000000;1142,000000000000000000;2133,000000000000000000
283;3236,000000000000000000;1166,000000000000000000;2153,000000000000000000
284;3236,000000000000000000;1213,000000000000000000;2159,000000000000000000
285;3236,000000000000000000;1266,000000000000000000;2132,000000000000000000
286;3236,000000000000000000;1130,000000000000000000;2121,000000000000000000
287;3236,000000000000000000;1245,000000000000000000;2121,000000000000000000
288;3236,000000000000000000;885,000000000000000000;2115,000000000000000000
289;3236,000000000000000000;1064,000000000000000000;2136,000000000000000000
290;3236,000000000000000000;1215,000000000000000000;2147,000000000000000000
291;3236,000000000000000000;1152,000000000000000000;2128,000000000000000000
292;3236,000000000000000000;1222,000000000000000000;2136,000000000000000000
293;3236,000000000000000000;1298,000000000000000000;2119,000000000000000000
294;3236,000000000000000000;1198,000000000000000000;2129,000000000000000000
295;3236,000000000000000000;1229,000000000000000000;2123,000000000000000000
296;3236,000000000000000000;1383,000000000000000000;2146,000000000000000000
297;3236,000000000000000000;1242,000000000000000000;2144,000000000000000000
298;3236,000000000000000000;1215,000000000000000000;2113,000000000000000000
299;3236,000000000000000000;1267,000000000000000000;2150,000000000000000000
300;3236,000000000000000000;1307,000000000000000000;2119,000000000000000000
301;3236,000000000000000000;1215,000000000000000000;2103,000000000000000000
302;3236,000000000000000000;1285,000000000000000000;2112,000000000000000000
303;3236,000000000000000000;1189,000000000000000000;2119,000000000000000000
304;3236,000000000000000000;1086,000000000000000000;2148,000000000000000000
305;3236,000000000000000000;1229,000000000000000000;2118,000000000000000000
306;3236,000000000000000000;1222,000000000000000000;2160,000000000000000000
307;3236,000000000000000000;1079,000000000000000000;2113,000000000000000000
308;3236,000000000000000000;1461,000000000000000000;2184,000000000000000000
309;3236,000000000000000000;1391,000000000000000000;2140,000000000000000000
310;3236,000000000000000000;1276,000000000000000000;2125,000000000000000000
311;3236,000000000000000000;1347,000000000000000000;2105,000000000000000000
312;3236,000000000000000000;1276,000000000000000000;2129,000000000000000000
313;3236,000000000000000000;1354,000000000000000000;2120,000000000000000000
314;3236,000000000000000000;1334,000000000000000000;2101,000000000000000000
315;3236,000000000000000000;1342,000000000000000000;2138,000000000000000000
316;3236,000000000000000000;1198,000000000000000000;2134,000000000000000000
317;3236,000000000000000000;1298,000000000000000000;2106,000000000000000000
318;3236,000000000000000000;1064,000000000000000000;2128,000000000000000000
319;3236,000000000000000000;1157,000000000000000000;2114,000000000000000000
320;3236,000000000000000000;1220,000000000000000000;2151,000000000000000000
321;3236,000000000000000000;1184,000000000000000000;2141,000000000000000000
322;3236,000000000000000000;1200,000000000000000000;2141,000000000000000000
323;3236,000000000000000000;1387,000000000000000000;2160,000000000000000000
324;3236,000000000000000000;1387,000000000000000000;2176,000000000000000000
325;3236,000000000000000000;1322,000000000000000000;2152,000000000000000000
326;3236,000000000000000000;785,000000000000000000;2185,000000000000000000
327;3236,000000000000000000;1028,000000000000000000;2150,000000000000000000
328;3236,000000000000000000;1374,000000000000000000;2178,000000000000000000
329;3236,000000000000000000;1244,000000000000000000;2164,000000000000000000
330;3236,000000000000000000;1120,000000000000000000;2155,000000000000000000
331;3236,000000000000000000;1443,000000000000000000;2160,000000000000000000
332;3236,000000000000000000;1189,000000000000000000;2161,000000000000000000
333;3236,000000000000000000;1196,000000000000000000;2157,000000000000000000
334;3236,000000000000000000;1162,000000000000000000;2135,000000000000000000
335;3236,000000000000000000;754,000000000000000000;2173,000000000000000000
336;3236,000000000000000000;1271,000000000000000000;2127,000000000000000000
337;3236,000000000000000000;843,000000000000000000;2152,000000000000000000
338;3236,000000000000000000;1271,000000000000000000;2127,000000000000000000
339;3236,000000000000000000;1407,000000000000000000;2151,000000000000000000
340;3236,000000000000000000;1148,000000000000000000;2140,000000000000000000
341;3236,000000000000000000;1193,000000000000000000;2126,000000000000000000
342;3236,000000000000000000;1152,000000000000000000;2124,000000000000000000
343;3236,000000000000000000;1380,000000000000000000;2126,000000000000000000
344;3236,000000000000000000;1189,000000000000000000;2114,000000000000000000
345;3236,000000000000000000;1322,000000000000000000;2128,000000000000000000
346;3236,000000000000000000;1227,000000000000000000;2116,000000000000000000
347;3236,000000000000000000;1227,000000000000000000;2103,000000000000000000
348;3236,000000000000000000;1400,000000000000000000;2146,000000000000000000
349;3236,000000000000000000;1220,000000000000000000;2149,000000000000000000
350;3236,000000000000000000;1143,000000000000000000;2114,000000000000000000
351;3236,000000000000000000;1198,000000000000000000;2131,000000000000000000
352;3236,000000000000000000;1079,000000000000000000;2121,000000000000000000
353;3236,000000000000000000;1157,000000000000000000;2154,000000000000000000
354;3236,000000000000000000;1361,000000000000000000;2142,000000000000000000
355;3236,000000000000000000;1055,000000000000000000;2161,000000000000000000
356;3236,000000000000000000;1222,000000000000000000;2140,000000000000000000
357;3236,000000000000000000;1157,000000000000000000;2172,000000000000000000
358;3236,000000000000000000;1380,000000000000000000;2148,000000000000000000
359;3236,000000000000000000;1211,000000000000000000;2152,000000000000000000
360;3236,000000000000000000;1267,000000000000000000;2140,000000000000000000
361;3236,000000000000000000;1157,000000000000000000;2132,000000000000000000
362;3236,000000000000000000;1093,000000000000000000;2135,000000000000000000
363;3236,000000000000000000;1157,000000000000000000;2126,000000000000000000
364;3236,000000000000000000;1215,000000000000000000;2148,000000000000000000
365;3236,000000000000000000;1410,000000000000000000;2142,000000000000000000
366;3236,000000000000000000;1086,000000000000000000;2127,000000000000000000
367;3236,000000000000000000;1307,000000000000000000;2126,000000000000000000
368;3236,000000000000000000;1230,000000000000000000;2111,000000000000000000
369;3236,000000000000000000;1322,000000000000000000;2119,000000000000000000
370;3236,000000000000000000;771,000000000000000000;2117,000000000000000000
371;3236,000000000000000000;1164,000000000000000000;2112,000000000000000000
372;3236,000000000000000000;999,000000000000000000;2129,000000000000000000
373;3236,000000000000000000;1193,000000000000000000;2124,000000000000000000
374;3236,000000000000000000;1193,000000000000000000;2138,000000000000000000
375;3236,000000000000000000;1349,000000000000000000;2118,000000000000000000
376;3236,000000000000000000;1198,000000000000000000;2115,000000000000000000
377;3236,000000000000000000;1229,000000000000000000;2117,000000000000000000
378;3236,000000000000000000;1064,000000000000000000;2134,000000000000000000
379;3236,000000000000000000;1193,000000000000000000;2122,000000000000000000
380;3236,000000000000000000;1157,000000000000000000;2158,000000000000000000
381;3236,000000000000000000;1396,000000000000000000;2123,000000000000000000
382;3236,000000000000000000;1458,000000000000000000;2128,000000000000000000
383;3236,000000000000000000;1276,000000000000000000;2139,000000000000000000
384;3236,000000000000000000;1064,000000000000000000;2143,000000000000000000
385;3236,000000000000000000;1235,000000000000000000;2169,000000000000000000
386;3236,000000000000000000;1392,000000000000000000;2121,000000000000000000
387;3236,000000000000000000;1189,000000000000000000;2149,000000000000000000
388;3236,000000000000000000;1202,000000000000000000;2124,000000000000000000
389;3236,000000000000000000;1142,000000000000000000;2138,000000000000000000
390;3236,000000000000000000;1166,000000000000000000;2137,000000000000000000
391;3236,000000000000000000;1276,000000000000000000;2140,000000000000000000
392;3236,000000000000000000;1157,000000000000000000;2132,000000000000000000
393;3236,000000000000000000;1298,000000000000000000;2132,000000000000000000
394;3236,000000000000000000;1387,000000000000000000;2172,000000000000000000
395;3236,000000000000000000;1242,000000000000000000;2135,000000000000000000
396;3236,000000000000000000;1349,000000000000000000;2173,000000000000000000
397;3236,000000000000000000;1198,000000000000000000;2169,000000000000000000
398;3236,000000000000000000;1215,000000000000000000;2180,000000000000000000
399;3236,000000000000000000;1410,000000000000000000;2190,000000000000000000
400;3236,000000000000000000;1344,000000000000000000;2143,000000000000000000
401;3236,000000000000000000;1251,000000000000000000;2158,000000000000000000
402;3236,000000000000000000;1378,000000000000000000;2164,000000000000000000
403;3236,000000000000000000;979,000000000000000000;2152,000000000000000000
404;3236,000000000000000000;1276,000000000000000000;2168,000000000000000000
405;3236,000000000000000000;1213,000000000000000000;2186,000000000000000000
406;3236,000000000000000000;1380,000000000000000000;2141,000000000000000000
407;3236,000000000000000000;1001,000000000000000000;2183,000000000000000000
408;3236,000000000000000000;1249,000000000000000000;2146,000000000000000000
409;3236,000000000000000000;1405,000000000000000000;2143,000000000000000000
410;3236,000000000000000000;1184,000000000000000000;2148,000000000000000000
411;3236,000000000000000000;1235,000000000000000000;2124,000000000000000000
412;3236,000000000000000000;1050,000000000000000000;2154,000000000000000000
413;3236,000000000000000000;1062,000000000000000000;2149,000000000000000000
414;3236,000000000000000000;1184,000000000000000000;2165,000000000000000000
415;3236,000000000000000000;1215,000000000000000000;2129,000000000000000000
416;3236,000000000000000000;1251,000000000000000000;2157,000000000000000000
417;3236,000000000000000000;1140,000000000000000000;2123,000000000000000000
418;3236,000000000000000000;1235,000000000000000000;2160,000000000000000000
419;3236,000000000000000000;1140,000000000000000000;2136,000000000000000000
420;3236,000000000000000000;863,000000000000000000;2129,000000000000000000
421;3236,000000000000000000;1220,000000000000000000;2139,000000000000000000
422;3236,000000000000000000;1242,000000000000000000;2164,000000000000000000
423;3236,000000000000000000;758,000000000000000000;2139,000000000000000000
424;3236,000000000000000000;615,000000000000000000;2177,000000000000000000
425;3236,000000000000000000;1120,000000000000000000;2144,000000000000000000
426;3236,000000000000000000;1198,000000000000000000;2138,000000000000000000
427;3236,000000000000000000;435,000000000000000000;2123,000000000000000000
428;3236,000000000000000000;1349,000000000000000000;2138,000000000000000000
429;3236,000000000000000000;1249,000000000000000000;2159,000000000000000000
430;3236,000000000000000000;1157,000000000000000000;2188,000000000000000000
431;3236,000000000000000000;979,000000000000000000;2145,000000000000000000
432;3236,000000000000000000;1084,000000000000000000;2142,000000000000000000
433;3236,000000000000000000;1006,000000000000000000;2153,000000000000000000
434;3236,000000000000000000;1271,000000000000000000;2133,000000000000000000
435;3236,000000000000000000;1211,000000000000000000;2126,000000000000000000
436;3236,000000000000000000;1240,000000000000000000;2143,000000000000000000
437;3236,000000000000000000;1157,000000000000000000;2137,000000000000000000
438;3236,000000000000000000;992,000000000000000000;2129,000000000000000000
439;3236,000000000000000000;1140,000000000000000000;2163,000000000000000000
440;3236,000000000000000000;1293,000000000000000000;2135,000000000000000000
441;3236,000000000000000000;1405,000000000000000000;2163,000000000000000000
442;3236,000000000000000000;1215,000000000000000000;2149,000000000000000000
443;3236,000000000000000000;1189,000000000000000000;2139,000000000000000000
444;3236,000000000000000000;1249,000000000000000000;2147,000000000000000000
445;3236,000000000000000000;1189,000000000000000000;2157,000000000000000000
446;3236,000000000000000000;1086,000000000000000000;2136,000000000000000000
447;3236,000000000000000000;1193,000000000000000000;2121,000000000000000000
448;3236,000000000000000000;843,000000000000000000;2176,000000000000000000
449;3236,000000000000000000;1307,000000000000000000;2178,000000000000000000
450;3236,000000000000000000;966,000000000000000000;2151,000000000000000000
451;3236,000000000000000000;1271,000000000000000000;2150,000000000000000000
452;3236,000000000000000000;1057,000000000000000000;2166,000000000000000000
453;3236,000000000000000000;1300,000000000000000000;2166,000000000000000000
454;3236,000000000000000000;1251,000000000000000000;2143,000000000000000000
455;3236,000000000000000000;984,000000000000000000;2142,000000000000000000
456;3236,000000000000000000;1164,000000000000000000;2126,000000000000000000
457;3236,000000000000000000;785,000000000000000000;2134,000000000000000000
458;3236,000000000000000000;1006,000000000000000000;2125,000000000000000000
459;3236,000000000000000000;1162,000000000000000000;2121,000000000000000000
460;3236,000000000000000000;1220,000000000000000000;2118,000000000000000000
461;3236,000000000000000000;1180,000000000000000000;2110,000000000000000000
462;3236,000000000000000000;1376,000000000000000000;2119,000000000000000000
463;3236,000000000000000000;1276,000000000000000000;2113,000000000000000000
464;3236,000000000000000000;1079,000000000000000000;2137,000000000000000000
465;3236,000000000000000000;1242,000000000000000000;2148,000000000000000000
466;3236,000000000000000000;1198,000000000000000000;2149,000000000000000000
467;3236,000000000000000000;1171,000000000000000000;2126,000000000000000000
468;3236,000000000000000000;1023,000000000000000000;2116,000000000000000000
469;3236,000000000000000000;1198,000000000000000000;2139,000000000000000000
470;3236,000000000000000000;1215,000000000000000000;2124,000000000000000000
471;3236,000000000000000000;1198,000000000000000000;2125,000000000000000000
472;3236,000000000000000000;1064,000000000000000000;2121,000000000000000000
473;3236,000000000000000000;1193,000000000000000000;2150,000000000000000000
474;3236,000000000000000000;1101,000000000000000000;2137,000000000000000000
475;3236,000000000000000000;1142,000000000000000000;2132,000000000000000000
476;3236,000000000000000000;1254,000000000000000000;2168,000000000000000000
477;3236,000000000000000000;1184,000000000000000000;2174,000000000000000000
478;3236,000000000000000000;1380,000000000000000000;2159,000000000000000000
479;3236,000000000000000000;1178,000000000000000000;2128,000000000000000000
480;3236,000000000000000000;1222,000000000000000000;2143,000000000000000000
481;3236,000000000000000000;1008,000000000000000000;2121,000000000000000000
482;3236,000000000000000000;1378,000000000000000000;2140,000000000000000000
483;3236,000000000000000000;1055,000000000000000000;2150,000000000000000000
484;3236,000000000000000000;1267,000000000000000000;2143,000000000000000000
485;3236,000000000000000000;1175,000000000000000000;2119,000000000000000000
486;3236,000000000000000000;1050,000000000000000000;2139,000000000000000000
487;3236,000000000000000000;972,000000000000000000;2108,000000000000000000
488;3236,000000000000000000;1086,000000000000000000;2115,000000000000000000
489;3236,000000000000000000;1162,000000000000000000;2159,000000000000000000
490;3236,000000000000000000;1385,000000000000000000;2127,000000000000000000
491;3236,000000000000000000;1276,000000000000000000;2115,000000000000000000
492;3236,000000000000000000;1222,000000000000000000;2106,000000000000000000
493;3236,000000000000000000;1218,000000000000000000;2117,000000000000000000
494;3236,000000000000000000;968,000000000000000000;2105,000000000000000000
495;3236,000000000000000000;1120,000000000000000000;2118,000000000000000000
496;3236,000000000000000000;1033,000000000000000000;2113,000000000000000000
497;3236,000000000000000000;1171,000000000000000000;2134,000000000000000000
498;3236,000000000000000000;972,000000000000000000;2128,000000000000000000
499;3236,000000000000000000;1200,000000000000000000;2123,000000000000000000
500;3236,000000000000000000;1142,000000000000000000;2135,000000000000000000
501;3236,000000000000000000;1198,000000000000000000;2166,000000000000000000
502;3236,000000000000000000;1084,000000000000000000;2167,000000000000000000
503;3236,000000000000000000;1342,000000000000000000;2136,000000000000000000
504;3236,000000000000000000;1432,000000000000000000;2157,000000000000000000
505;3236,000000000000000000;1218,000000000000000000;2136,000000000000000000
506;3236,000000000000000000;1211,000000000000000000;2142,000000000000000000
507;3236,000000000000000000;1276,000000000000000000;2131,000000000000000000
508;3236,000000000000000000;1385,000000000000000000;2159,000000000000000000
509;3236,000000000000000000;1198,000000000000000000;2168,000000000000000000
510;3236,000000000000000000;872,000000000000000000;2122,000000000000000000
511;3236,000000000000000000;1215,000000000000000000;2120,000000000000000000
512;3236,000000000000000000;1298,000000000000000000;2133,000000000000000000
513;3236,000000000000000000;1378,000000000000000000;2121,000000000000000000
514;3236,000000000000000000;1189,000000000000000000;2132,000000000000000000
515;3236,000000000000000000;1215,000000000000000000;2143,000000000000000000
516;3236,000000000000000000;1142,000000000000000000;2119,000000000000000000
517;3236,000000000000000000;1120,000000000000000000;2140,000000000000000000
518;3236,000000000000000000;1271,000000000000000000;2129,000000000000000000
519;3236,000000000000000000;1387,000000000000000000;2155,000000000000000000
520;3236,000000000000000000;1380,000000000000000000;2166,000000000000000000
521;3236,000000000000000000;1162,000000000000000000;2149,000000000000000000
522;3236,000000000000000000;1215,000000000000000000;2126,000000000000000000
523;3236,000000000000000000;1193,000000000000000000;2145,000000000000000000
524;3236,000000000000000000;1142,000000000000000000;2172,000000000000000000
525;3236,000000000000000000;1336,000000000000000000;2151,000000000000000000
526;3236,000000000000000000;1436,000000000000000000;2143,000000000000000000
527;3236,000000000000000000;1363,000000000000000000;2159,000000000000000000
528;3236,000000000000000000;1193,000000000000000000;2168,000000000000000000
529;3236,000000000000000000;1166,000000000000000000;2173,000000000000000000
530;3236,000000000000000000;1215,000000000000000000;2180,000000000000000000
531;3236,000000000000000000;1242,000000000000000000;2155,000000000000000000
532;3236,000000000000000000;1374,000000000000000000;2163,000000000000000000
533;3236,000000000000000000;1276,000000000000000000;2177,000000000000000000
534;3236,000000000000000000;1441,000000000000000000;2154,000000000000000000
535;3236,000000000000000000;1307,000000000000000000;2181,000000000000000000
536;3236,000000000000000000;1086,000000000000000000;2160,000000000000000000
537;3236,000000000000000000;1157,000000000000000000;2176,000000000000000000
538;3236,000000000000000000;1400,000000000000000000;2181,000000000000000000
539;3236,000000000000000000;1213,000000000000000000;2212,000000000000000000
540;3236,000000000000000000;1157,000000000000000000;2201,000000000000000000
541;3236,000000000000000000;1285,000000000000000000;2185,000000000000000000
542;3236,000000000000000000;1410,000000000000000000;2190,000000000000000000
543;3236,000000000000000000;1405,000000000000000000;2212,000000000000000000
544;3236,000000000000000000;1354,000000000000000000;2208,000000000000000000
545;3236,000000000000000000;1419,000000000000000000;2170,000000000000000000
546;3236,000000000000000000;1298,000000000000000000;2201,000000000000000000
547;3236,000000000000000000;1363,000000000000000000;2197,000000000000000000
548;3236,000000000000000000;1298,000000000000000000;2200,000000000000000000
549;3236,000000000000000000;1189,000000000000000000;2180,000000000000000000
550;3236,000000000000000000;1198,000000000000000000;2160,000000000000000000
551;3236,000000000000000000;1222,000000000000000000;2159,000000000000000000
552;3236,000000000000000000;1215,000000000000000000;2158,000000000000000000
553;3236,000000000000000000;1198,000000000000000000;2150,000000000000000000
554;3236,000000000000000000;1171,000000000000000000;2135,000000000000000000
555;3236,000000000000000000;776,000000000000000000;2117,000000000000000000
556;3236,000000000000000000;1414,000000000000000000;2151,000000000000000000
557;3236,000000000000000000;1198,000000000000000000;2151,000000000000000000
558;3236,000000000000000000;1193,000000000000000000;2137,000000000000000000
559;3236,000000000000000000;1249,000000000000000000;2131,000000000000000000
560;3236,000000000000000000;1211,000000000000000000;2145,000000000000000000
561;3236,000000000000000000;1298,000000000000000000;2158,000000000000000000
562;3236,000000000000000000;1193,000000000000000000;2151,000000000000000000
563;3236,000000000000000000;1064,000000000000000000;2151,000000000000000000
564;3236,000000000000000000;1142,000000000000000000;2142,000000000000000000
565;3236,000000000000000000;1152,000000000000000000;2136,000000000000000000
566;3236,000000000000000000;1215,000000000000000000;2104,000000000000000000
567;3236,000000000000000000;1244,000000000000000000;2127,000000000000000000
568;3236,000000000000000000;1144,000000000000000000;2134,000000000000000000
569;3236,000000000000000000;1086,000000000000000000;2078,000000000000000000
570;3236,000000000000000000;1215,000000000000000000;2117,000000000000000000
571;3236,000000000000000000;1220,000000000000000000;2124,000000000000000000
572;3236,000000000000000000;1329,000000000000000000;2110,000000000000000000
573;3236,000000000000000000;537,000000000000000000;2107,000000000000000000
574;3236,000000000000000000;1050,000000000000000000;2119,000000000000000000
575;3236,000000000000000000;1115,000000000000000000;2110,000000000000000000
576;3236,000000000000000000;408,000000000000000000;2114,000000000000000000
577;3236,000000000000000000;1249,000000000000000000;2120,000000000000000000
578;3236,000000000000000000;1240,000000000000000000;2112,000000000000000000
579;3236,000000000000000000;972,000000000000000000;2117,000000000000000000
580;3236,000000000000000000;651,000000000000000000;2121,000000000000000000
581;3236,000000000000000000;1242,000000000000000000;2102,000000000000000000
582;3236,000000000000000000;821,000000000000000000;2111,000000000000000000
583;3236,000000000000000000;1193,000000000000000000;2137,000000000000000000
584;3236,000000000000000000;780,000000000000000000;2143,000000000000000000
585;3236,000000000000000000;1352,000000000000000000;2098,000000000000000000
586;3236,000000000000000000;1144,000000000000000000;2105,000000000000000000
587;3236,000000000000000000;1231,000000000000000000;2125,000000000000000000
588;3236,000000000000000000;1077,000000000000000000;2137,000000000000000000
589;3236,000000000000000000;1220,000000000000000000;2107,000000000000000000
590;3236,000000000000000000;1142,000000000000000000;2111,000000000000000000
591;3236,000000000000000000;1142,000000000000000000;2118,000000000000000000
592;3236,000000000000000000;780,000000000000000000;2103,000000000000000000
593;3236,000000000000000000;1179,000000000000000000;2145,000000000000000000
594;3236,000000000000000000;1086,000000000000000000;2116,000000000000000000
595;3236,000000000000000000;1077,000000000000000000;2127,000000000000000000
596;3236,000000000000000000;899,000000000000000000;2114,000000000000000000
597;3236,000000000000000000;1213,000000000000000000;2125,000000000000000000
598;3236,000000000000000000;1235,000000000000000000;2122,000000000000000000
599;3236,000000000000000000;1200,000000000000000000;2117,000000000000000000
600;3236,000000000000000000;1249,000000000000000000;2115,000000000000000000
601;3236,000000000000000000;1064,000000000000000000;2107,000000000000000000
602;3236,000000000000000000;1215,000000000000000000;2123,000000000000000000
603;3236,000000000000000000;1276,000000000000000000;2138,000000000000000000
604;3236,000000000000000000;1144,000000000000000000;2153,000000000000000000
605;3236,000000000000000000;1215,000000000000000000;2134,000000000000000000
606;3236,000000000000000000;1458,000000000000000000;2153,000000000000000000
607;3236,000000000000000000;1196,000000000000000000;2137,000000000000000000
608;3236,000000000000000000;1157,000000000000000000;2145,000000000000000000
609;3236,000000000000000000;843,000000000000000000;2151,000000000000000000
610;3236,000000000000000000;1282,000000000000000000;2158,000000000000000000
611;3236,000000000000000000;1220,000000000000000000;2174,000000000000000000
612;3236,000000000000000000;1079,000000000000000000;2138,000000000000000000
613;3236,000000000000000000;1193,000000000000000000;2123,000000000000000000
614;3236,000000000000000000;1349,000000000000000000;2123,000000000000000000
615;3236,000000000000000000;1028,000000000000000000;2131,000000000000000000
616;3236,000000000000000000;1086,000000000000000000;2130,000000000000000000
617;3236,000000000000000000;1086,000000000000000000;2136,000000000000000000
618;3236,000000000000000000;1215,000000000000000000;2135,000000000000000000
619;3236,000000000000000000;1193,000000000000000000;2121,000000000000000000
620;3236,000000000000000000;1374,000000000000000000;2148,000000000000000000
621;3236,000000000000000000;1242,000000000000000000;2155,000000000000000000
622;3236,000000000000000000;1211,000000000000000000;2159,000000000000000000
623;3236,000000000000000000;1354,000000000000000000;2142,000000000000000000
624;3236,000000000000000000;1215,000000000000000000;2152,000000000000000000
625;3236,000000000000000000;1171,000000000000000000;2145,000000000000000000
626;3236,000000000000000000;1148,000000000000000000;2138,000000000000000000
627;3236,000000000000000000;1120,000000000000000000;2126,000000000000000000
628;3236,000000000000000000;841,000000000000000000;2146,000000000000000000
629;3236,000000000000000000;872,000000000000000000;2161,000000000000000000
630;3236,000000000000000000;1327,000000000000000000;2150,000000000000000000
631;3236,000000000000000000;1293,000000000000000000;2159,000000000000000000
632;3236,000000000000000000;1218,000000000000000000;2139,000000000000000000
633;3236,000000000000000000;1106,000000000000000000;2154,000000000000000000
634;3236,000000000000000000;1187,000000000000000000;2123,000000000000000000
635;3236,000000000000000000;1245,000000000000000000;2144,000000000000000000
636;3236,000000000000000000;1157,000000000000000000;2128,000000000000000000
637;3236,000000000000000000;1164,000000000000000000;2138,000000000000000000
638;3236,000000000000000000;1015,000000000000000000;2153,000000000000000000
639;3236,000000000000000000;1245,000000000000000000;2117,000000000000000000
640;3236,000000000000000000;1215,000000000000000000;2122,000000000000000000
641;3236,000000000000000000;1249,000000000000000000;2116,000000000000000000
642;3236,000000000000000000;1200,000000000000000000;2130,000000000000000000
643;3236,000000000000000000;1399,000000000000000000;2151,000000000000000000
644;3236,000000000000000000;1193,000000000000000000;2126,000000000000000000
645;3236,000000000000000000;945,000000000000000000;2113,000000000000000000
646;3236,000000000000000000;1378,000000000000000000;2136,000000000000000000
647;3236,000000000000000000;1211,000000000000000000;2100,000000000000000000
648;3236,000000000000000000;1300,000000000000000000;2142,000000000000000000
649;3236,000000000000000000;1307,000000000000000000;2178,000000000000000000
650;3236,000000000000000000;1427,000000000000000000;2123,000000000000000000
651;3236,000000000000000000;1211,000000000000000000;2128,000000000000000000
652;3236,000000000000000000;1254,000000000000000000;2109,000000000000000000
653;3236,000000000000000000;1349,000000000000000000;2119,000000000000000000
654;3236,000000000000000000;1251,000000000000000000;2111,000000000000000000
655;3236,000000000000000000;1349,000000000000000000;2122,000000000000000000
656;3236,000000000000000000;1209,000000000000000000;2123,000000000000000000
657;3236,000000000000000000;1298,000000000000000000;2098,000000000000000000
658;3236,000000000000000000;1249,000000000000000000;2137,000000000000000000
659;3236,000000000000000000;836,000000000000000000;2112,000000000000000000
660;3236,000000000000000000;1374,000000000000000000;2112,000000000000000000
661;3236,000000000000000000;1193,000000000000000000;2127,000000000000000000
662;3236,000000000000000000;1001,000000000000000000;2121,000000000000000000
663;3236,000000000000000000;1053,000000000000000000;2091,000000000000000000
664;3236,000000000000000000;1298,000000000000000000;2113,000000000000000000
665;3236,000000000000000000;1347,000000000000000000;2103,000000000000000000
666;3236,000000000000000000;1064,000000000000000000;2100,000000000000000000
667;3236,000000000000000000;1276,000000000000000000;2103,000000000000000000
668;3236,000000000000000000;1050,000000000000000000;2087,000000000000000000
669;3236,000000000000000000;1271,000000000000000000;2121,000000000000000000
670;3236,000000000000000000;1278,000000000000000000;2114,000000000000000000
671;3236,000000000000000000;1079,000000000000000000;2085,000000000000000000
672;3236,000000000000000000;1077,000000000000000000;2118,000000000000000000
673;3236,000000000000000000;1207,000000000000000000;2091,000000000000000000
674;3236,000000000000000000;1142,000000000000000000;2104,000000000000000000
675;3236,000000000000000000;785,000000000000000000;2108,000000000000000000
676;3236,000000000000000000;1055,000000000000000000;2111,000000000000000000
677;3236,000000000000000000;1369,000000000000000000;2105,000000000000000000
678;3236,000000000000000000;1152,000000000000000000;2122,000000000000000000
679;3236,000000000000000000;1084,000000000000000000;2120,000000000000000000
680;3236,000000000000000000;1278,000000000000000000;2117,000000000000000000
681;3236,000000000000000000;1189,000000000000000000;2095,000000000000000000
682;3236,000000000000000000;1164,000000000000000000;2114,000000000000000000
683;3236,000000000000000000;899,000000000000000000;2103,000000000000000000
684;3236,000000000000000000;1215,000000000000000000;2134,000000000000000000
685;3236,000000000000000000;1180,000000000000000000;2129,000000000000000000
686;3236,000000000000000000;977,000000000000000000;2138,000000000000000000
687;3236,000000000000000000;1157,000000000000000000;2142,000000000000000000
688;3236,000000000000000000;1086,000000000000000000;2110,000000000000000000
689;3236,000000000000000000;1215,000000000000000000;2082,000000000000000000
690;3236,000000000000000000;1057,000000000000000000;2101,000000000000000000
691;3236,000000000000000000;1198,000000000000000000;2103,000000000000000000
692;3236,000000000000000000;950,000000000000000000;2094,000000000000000000
693;3236,000000000000000000;1084,000000000000000000;2109,000000000000000000
694;3236,000000000000000000;1086,000000000000000000;2116,000000000000000000
695;3236,000000000000000000;1271,000000000000000000;2069,000000000000000000
696;3236,000000000000000000;1140,000000000000000000;2092,000000000000000000
697;3236,000000000000000000;1229,000000000000000000;2112,000000000000000000
698;3236,000000000000000000;1222,000000000000000000;2133,000000000000000000
699;3236,000000000000000000;1193,000000000000000000;2100,000000000000000000
700;3236,000000000000000000;1064,000000000000000000;2126,000000000000000000
701;3236,000000000000000000;1166,000000000000000000;2090,000000000000000000
702;3236,000000000000000000;1209,000000000000000000;2139,000000000000000000
703;3236,000000000000000000;1222,000000000000000000;2123,000000000000000000
704;3236,000000000000000000;1008,000000000000000000;2131,000000000000000000
705;3236,000000000000000000;1249,000000000000000000;2136,000000000000000000
706;3236,000000000000000000;1198,000000000000000000;2115,000000000000000000
707;3236,000000000000000000;1148,000000000000000000;2140,000000000000000000
708;3236,000000000000000000;977,000000000000000000;2146,000000000000000000
709;3236,000000000000000000;1142,000000000000000000;2131,000000000000000000
710;3236,000000000000000000;1023,000000000000000000;2138,000000000000000000
711;3236,000000000000000000;1240,000000000000000000;2166,000000000000000000
712;3236,000000000000000000;1307,000000000000000000;2145,000000000000000000
713;3236,000000000000000000;1282,000000000000000000;2137,000000000000000000
714;3236,000000000000000000;1211,000000000000000000;2137,000000000000000000
715;3236,000000000000000000;999,000000000000000000;2140,000000000000000000
716;3236,000000000000000000;1307,000000000000000000;2108,000000000000000000
717;3236,000000000000000000;1209,000000000000000000;2133,000000000000000000
718;3236,000000000000000000;1271,000000000000000000;2145,000000000000000000
719;3236,000000000000000000;1307,000000000000000000;2147,000000000000000000
720;3236,000000000000000000;899,000000000000000000;2130,000000000000000000
721;3236,000000000000000000;977,000000000000000000;2119,000000000000000000
722;3236,000000000000000000;1086,000000000000000000;2098,000000000000000000
723;3236,000000000000000000;1410,000000000000000000;2099,000000000000000000
724;3236,000000000000000000;1244,000000000000000000;2138,000000000000000000
725;3236,000000000000000000;1307,000000000000000000;2108,000000000000000000
726;3236,000000000000000000;754,000000000000000000;2133,000000000000000000
727;3236,000000000000000000;1231,000000000000000000;2101,000000000000000000
728;3236,000000000000000000;1249,000000000000000000;2088,000000000000000000
729;3236,000000000000000000;1120,000000000000000000;2106,000000000000000000
730;3236,000000000000000000;1086,000000000000000000;2121,000000000000000000
731;3236,000000000000000000;1396,000000000000000000;2123,000000000000000000
732;3236,000000000000000000;1157,000000000000000000;2114,000000000000000000
733;3236,000000000000000000;542,000000000000000000;2145,000000000000000000
734;3236,000000000000000000;1193,000000000000000000;2120,000000000000000000
735;3236,000000000000000000;1198,000000000000000000;2132,000000000000000000
736;3236,000000000000000000;1166,000000000000000000;2127,000000000000000000
737;3236,000000000000000000;1271,000000000000000000;2136,000000000000000000
738;3236,000000000000000000;1276,000000000000000000;2143,000000000000000000
739;3236,000000000000000000;1251,000000000000000000;2138,000000000000000000
740;3236,000000000000000000;1276,000000000000000000;2144,000000000000000000
741;3236,000000000000000000;1148,000000000000000000;2103,000000000000000000
742;3236,000000000000000000;977,000000000000000000;2114,000000000000000000
743;3236,000000000000000000;1267,000000000000000000;2133,000000000000000000
744;3236,000000000000000000;1276,000000000000000000;2117,000000000000000000
745;3236,000000000000000000;1240,000000000000000000;2137,000000000000000000
746;3236,000000000000000000;1285,000000000000000000;2145,000000000000000000
747;3236,000000000000000000;1220,000000000000000000;2104,000000000000000000
748;3236,000000000000000000;1204,000000000000000000;2105,000000000000000000
749;3236,000000000000000000;1410,000000000000000000;2110,000000000000000000
750;3236,000000000000000000;1193,000000000000000000;2147,000000000000000000
751;3236,000000000000000000;1193,000000000000000000;2131,000000000000000000
752;3236,000000000000000000;979,000000000000000000;2135,000000000000000000
753;3236,000000000000000000;1193,000000000000000000;2096,000000000000000000
754;3236,000000000000000000;1157,000000000000000000;2144,000000000000000000
755;3236,000000000000000000;785,000000000000000000;2120,000000000000000000
756;3236,000000000000000000;1064,000000000000000000;2120,000000000000000000
757;3236,000000000000000000;1296,000000000000000000;2124,000000000000000000
758;3236,000000000000000000;1064,000000000000000000;2124,000000000000000000
759;3236,000000000000000000;843,000000000000000000;2138,000000000000000000
760;3236,000000000000000000;1193,000000000000000000;2125,000000000000000000
761;3236,000000000000000000;1028,000000000000000000;2116,000000000000000000
762;3236,000000000000000000;1200,000000000000000000;2102,000000000000000000
763;3236,000000000000000000;1251,000000000000000000;2100,000000000000000000
764;3236,000000000000000000;1307,000000000000000000;2134,000000000000000000
765;3236,000000000000000000;1142,000000000000000000;2115,000000000000000000
766;3236,000000000000000000;1198,000000000000000000;2119,000000000000000000
767;3236,000000000000000000;1200,000000000000000000;2117,000000000000000000
768;3236,000000000000000000;1282,000000000000000000;2136,000000000000000000
769;3236,000000000000000000;1271,000000000000000000;2117,000000000000000000
770;3236,000000000000000000;1142,000000000000000000;2130,000000000000000000
771;3236,000000000000000000;1157,000000000000000000;2136,000000000000000000
772;3236,000000000000000000;997,000000000000000000;2141,000000000000000000
773;3236,000000000000000000;1251,000000000000000000;2107,000000000000000000
774;3236,000000000000000000;977,000000000000000000;2111,000000000000000000
775;3236,000000000000000000;1064,000000000000000000;2107,000000000000000000
776;3236,000000000000000000;1271,000000000000000000;2121,000000000000000000
777;3236,000000000000000000;1213,000000000000000000;2127,000000000000000000
778;3236,000000000000000000;1220,000000000000000000;2150,000000000000000000
779;3236,000000000000000000;1175,000000000000000000;2118,000000000000000000
780;3236,000000000000000000;1274,000000000000000000;2133,000000000000000000
781;3236,000000000000000000;1276,000000000000000000;2140,000000000000000000
782;3236,000000000000000000;1385,000000000000000000;2159,000000000000000000
783;3236,000000000000000000;1193,000000000000000000;2125,000000000000000000
784;3236,000000000000000000;1055,000000000000000000;2160,000000000000000000
785;3236,000000000000000000;1391,000000000000000000;2147,000000000000000000
786;3236,000000000000000000;1293,000000000000000000;2121,000000000000000000
787;3236,000000000000000000;1354,000000000000000000;2140,000000000000000000
788;3236,000000000000000000;1166,000000000000000000;2148,000000000000000000
789;3236,000000000000000000;807,000000000000000000;2115,000000000000000000
790;3236,000000000000000000;1245,000000000000000000;2100,000000000000000000
791;3236,000000000000000000;1164,000000000000000000;2135,000000000000000000
792;3236,000000000000000000;941,000000000000000000;2113,000000000000000000
793;3236,000000000000000000;1245,000000000000000000;2117,000000000000000000
794;3236,000000000000000000;1222,000000000000000000;2126,000000000000000000
795;3236,000000000000000000;1157,000000000000000000;2115,000000000000000000
796;3236,000000000000000000;1028,000000000000000000;2106,000000000000000000
797;3236,000000000000000000;1220,000000000000000000;2120,000000000000000000
798;3236,000000000000000000;1271,000000000000000000;2085,000000000000000000
799;3236,000000000000000000;1240,000000000000000000;2092,000000000000000000
800;3236,000000000000000000;1115,000000000000000000;2078,000000000000000000
801;3236,000000000000000000;1227,000000000000000000;2139,000000000000000000
802;3236,000000000000000000;1257,000000000000000000;2131,000000000000000000
803;3236,000000000000000000;1198,000000000000000000;2141,000000000000000000
804;3236,000000000000000000;977,000000000000000000;2163,000000000000000000
805;3236,000000000000000000;1193,000000000000000000;2132,000000000000000000
806;3236,000000000000000000;1189,000000000000000000;2141,000000000000000000
807;3236,000000000000000000;1215,000000000000000000;2156,000000000000000000
808;3236,000000000000000000;685,000000000000000000;2137,000000000000000000
809;3236,000000000000000000;1374,000000000000000000;2158,000000000000000000
810;3236,000000000000000000;1358,000000000000000000;2154,000000000000000000
811;3236,000000000000000000;1064,000000000000000000;2141,000000000000000000
812;3236,000000000000000000;1142,000000000000000000;2127,000000000000000000
813;3236,000000000000000000;1271,000000000000000000;2178,000000000000000000
814;3236,000000000000000000;1153,000000000000000000;2168,000000000000000000
815;3236,000000000000000000;1215,000000000000000000;2114,000000000000000000
816;3236,000000000000000000;1378,000000000000000000;2142,000000000000000000
817;3236,000000000000000000;1164,000000000000000000;2138,000000000000000000
818;3236,000000000000000000;1251,000000000000000000;2163,000000000000000000
819;3236,000000000000000000;1378,000000000000000000;2144,000000000000000000
820;3236,000000000000000000;1327,000000000000000000;2149,000000000000000000
821;3236,000000000000000000;1458,000000000000000000;2159,000000000000000000
822;3236,000000000000000000;1162,000000000000000000;2143,000000000000000000
823;3236,000000000000000000;1414,000000000000000000;2168,000000000000000000
824;3236,000000000000000000;1249,000000000000000000;2166,000000000000000000
825;3236,000000000000000000;1164,000000000000000000;2143,000000000000000000
826;3236,000000000000000000;1365,000000000000000000;2147,000000000000000000
827;3236,000000000000000000;1347,000000000000000000;2118,000000000000000000
828;3236,000000000000000000;975,000000000000000000;2125,000000000000000000
829;3236,000000000000000000;1171,000000000000000000;2141,000000000000000000
830;3236,000000000000000000;1008,000000000000000000;2142,000000000000000000
831;3236,000000000000000000;1184,000000000000000000;2124,000000000000000000
832;3236,000000000000000000;1271,000000000000000000;2133,000000000000000000
833;3236,000000000000000000;1222,000000000000000000;2134,000000000000000000
834;3236,000000000000000000;923,000000000000000000;2136,000000000000000000
835;3236,000000000000000000;1220,000000000000000000;2147,000000000000000000
836;3236,000000000000000000;1354,000000000000000000;2155,000000000000000000
837;3236,000000000000000000;1133,000000000000000000;2113,000000000000000000
838;3236,000000000000000000;1240,000000000000000000;2134,000000000000000000
839;3236,000000000000000000;1441,000000000000000000;2118,000000000000000000
840;3236,000000000000000000;1249,000000000000000000;2125,000000000000000000
841;3236,000000000000000000;1137,000000000000000000;2149,000000000000000000
842;3236,000000000000000000;1086,000000000000000000;2149,000000000000000000
843;3236,000000000000000000;1278,000000000000000000;2129,000000000000000000
844;3236,000000000000000000;1220,000000000000000000;2168,000000000000000000
845;3236,000000000000000000;1251,000000000000000000;2157,000000000000000000
846;3236,000000000000000000;1244,000000000000000000;2160,000000000000000000
847;3236,000000000000000000;1215,000000000000000000;2143,000000000000000000
848;3236,000000000000000000;1008,000000000000000000;2177,000000000000000000
849;3236,000000000000000000;1226,000000000000000000;2163,000000000000000000
850;3236,000000000000000000;1153,000000000000000000;2193,000000000000000000
851;3236,000000000000000000;1106,000000000000000000;2165,000000000000000000
852;3236,000000000000000000;1023,000000000000000000;2141,000000000000000000
853;3236,000000000000000000;1222,000000000000000000;2172,000000000000000000
854;3236,000000000000000000;1392,000000000000000000;2157,000000000000000000
855;3236,000000000000000000;1166,000000000000000000;2146,000000000000000000
856;3236,000000000000000000;1276,000000000000000000;2125,000000000000000000
857;3236,000000000000000000;1369,000000000000000000;2142,000000000000000000
858;3236,000000000000000000;1229,000000000000000000;2149,000000000000000000
859;3236,000000000000000000;1222,000000000000000000;2104,000000000000000000
860;3236,000000000000000000;977,000000000000000000;2125,000000000000000000
861;3236,000000000000000000;1374,000000000000000000;2140,000000000000000000
862;3236,000000000000000000;1271,000000000000000000;2148,000000000000000000
863;3236,000000000000000000;1291,000000000000000000;2129,000000000000000000
864;3236,000000000000000000;1266,000000000000000000;2114,000000000000000000
865;3236,000000000000000000;1198,000000000000000000;2099,000000000000000000
866;3236,000000000000000000;1164,000000000000000000;2123,000000000000000000
867;3236,000000000000000000;1271,000000000000000000;2153,000000000000000000
868;3236,000000000000000000;1336,000000000000000000;2128,000000000000000000
869;3236,000000000000000000;1215,000000000000000000;2169,000000000000000000
870;3236,000000000000000000;1249,000000000000000000;2141,000000000000000000
871;3236,000000000000000000;1374,000000000000000000;2125,000000000000000000
872;3236,000000000000000000;1307,000000000000000000;2155,000000000000000000
873;3236,000000000000000000;1218,000000000000000000;2127,000000000000000000
874;3236,000000000000000000;1209,000000000000000000;2142,000000000000000000
875;3236,000000000000000000;1298,000000000000000000;2106,000000000000000000
876;3236,000000000000000000;1014,000000000000000000;2100,000000000000000000
877;3236,000000000000000000;1106,000000000000000000;2122,000000000000000000
878;3236,000000000000000000;1249,000000000000000000;2123,000000000000000000
879;3236,000000000000000000;1193,000000000000000000;2141,000000000000000000
880;3236,000000000000000000;1305,000000000000000000;2147,000000000000000000
881;3236,000000000000000000;1245,000000000000000000;2140,000000000000000000
882;3236,000000000000000000;1064,000000000000000000;2138,000000000000000000
883;3236,000000000000000000;1240,000000000000000000;2140,000000000000000000
884;3236,000000000000000000;1349,000000000000000000;2150,000000000000000000
885;3236,000000000000000000;1064,000000000000000000;2138,000000000000000000
886;3236,000000000000000000;1229,000000000000000000;2140,000000000000000000
887;3236,000000000000000000;1153,000000000000000000;2107,000000000000000000
888;3236,000000000000000000;1220,000000000000000000;2127,000000000000000000
889;3236,000000000000000000;1271,000000000000000000;2144,000000000000000000
890;3236,000000000000000000;1244,000000000000000000;2149,000000000000000000
891;3236,000000000000000000;1213,000000000000000000;2119,000000000000000000
892;3236,000000000000000000;1187,000000000000000000;2118,000000000000000000
893;3236,000000000000000000;1196,000000000000000000;2142,000000000000000000
894;3236,000000000000000000;1179,000000000000000000;2138,000000000000000000
895;3236,000000000000000000;1086,000000000000000000;2165,000000000000000000
896;3236,000000000000000000;1215,000000000000000000;2164,000000000000000000
897;3236,000000000000000000;1084,000000000000000000;2134,000000000000000000
898;3236,000000000000000000;1220,000000000000000000;2125,000000000000000000
899;3236,000000000000000000;1198,000000000000000000;2156,000000000000000000
900;3236,000000000000000000;1135,000000000000000000;2146,000000000000000000
901;3236,000000000000000000;1276,000000000000000000;2125,000000000000000000
902;3236,000000000000000000;1245,000000000000000000;2142,000000000000000000
903;3236,000000000000000000;1307,000000000000000000;2153,000000000000000000
904;3236,000000000000000000;1213,000000000000000000;2137,000000000000000000
905;3236,000000000000000000;1008,000000000000000000;2104,000000000000000000
906;3236,000000000000000000;1001,000000000000000000;2109,000000000000000000
907;3236,000000000000000000;1204,000000000000000000;2119,000000000000000000
908;3236,000000000000000000;1244,000000000000000000;2105,000000000000000000
909;3236,000000000000000000;1332,000000000000000000;2079,000000000000000000
910;3236,000000000000000000;1166,000000000000000000;2094,000000000000000000
911;3236,000000000000000000;620,000000000000000000;2094,000000000000000000
912;3236,000000000000000000;1249,000000000000000000;2135,000000000000000000
913;3236,000000000000000000;1157,000000000000000000;2118,000000000000000000
914;3236,000000000000000000;1251,000000000000000000;2115,000000000000000000
915;3236,000000000000000000;1414,000000000000000000;2153,000000000000000000
916;3236,000000000000000000;1198,000000000000000000;2134,000000000000000000
917;3236,000000000000000000;1349,000000000000000000;2129,000000000000000000
918;3236,000000000000000000;1120,000000000000000000;2114,000000000000000000
919;3236,000000000000000000;1245,000000000000000000;2138,000000000000000000
920;3236,000000000000000000;1157,000000000000000000;2115,000000000000000000
921;3236,000000000000000000;1142,000000000000000000;2141,000000000000000000
922;3236,000000000000000000;1220,000000000000000000;2116,000000000000000000
923;3236,000000000000000000;1019,000000000000000000;2099,000000000000000000
924;3236,000000000000000000;1135,000000000000000000;2115,000000000000000000
925;3236,000000000000000000;1008,000000000000000000;2092,000000000000000000
926;3236,000000000000000000;1144,000000000000000000;2139,000000000000000000
927;3236,000000000000000000;1204,000000000000000000;2144,000000000000000000
928;3236,000000000000000000;1153,000000000000000000;2113,000000000000000000
929;3236,000000000000000000;1249,000000000000000000;2117,000000000000000000
930;3236,000000000000000000;1245,000000000000000000;2139,000000000000000000
931;3236,000000000000000000;1249,000000000000000000;2156,000000000000000000
932;3236,000000000000000000;1378,000000000000000000;2146,000000000000000000
933;3236,000000000000000000;1380,000000000000000000;2136,000000000000000000
934;3236,000000000000000000;593,000000000000000000;2122,000000000000000000
935;3236,000000000000000000;1352,000000000000000000;2104,000000000000000000
936;3236,000000000000000000;1213,000000000000000000;2155,000000000000000000
937;3236,000000000000000000;1157,000000000000000000;2127,000000000000000000
938;3236,000000000000000000;1006,000000000000000000;2131,000000000000000000
939;3236,000000000000000000;1135,000000000000000000;2103,000000000000000000
940;3236,000000000000000000;1432,000000000000000000;2128,000000000000000000
941;3236,000000000000000000;1407,000000000000000000;2156,000000000000000000
942;3236,000000000000000000;1198,000000000000000000;2132,000000000000000000
943;3236,000000000000000000;1271,000000000000000000;2122,000000000000000000
944;3236,000000000000000000;1191,000000000000000000;2135,000000000000000000
945;3236,000000000000000000;1120,000000000000000000;2116,000000000000000000
946;3236,000000000000000000;1400,000000000000000000;2138,000000000000000000
947;3236,000000000000000000;1120,000000000000000000;2110,000000000000000000
948;3236,000000000000000000;1148,000000000000000000;2153,000000000000000000
949;3236,000000000000000000;1276,000000000000000000;2121,000000000000000000
950;3236,000000000000000000;1267,000000000000000000;2142,000000000000000000
951;3236,000000000000000000;1215,000000000000000000;2124,000000000000000000
952;3236,000000000000000000;1376,000000000000000000;2154,000000000000000000
953;3236,000000000000000000;1193,000000000000000000;2139,000000000000000000
954;3236,000000000000000000;1407,000000000000000000;2167,000000000000000000
955;3236,000000000000000000;1363,000000000000000000;2151,000000000000000000
956;3236,000000000000000000;1271,000000000000000000;2155,000000000000000000
957;3236,000000000000000000;1249,000000000000000000;2130,000000000000000000
958;3236,000000000000000000;1405,000000000000000000;2132,000000000000000000
959;3236,000000000000000000;1200,000000000000000000;2141,000000000000000000
960;3236,000000000000000000;1271,000000000000000000;2167,000000000000000000
961;3236,000000000000000000;1200,000000000000000000;2128,000000000000000000
962;3236,000000000000000000;1271,000000000000000000;2152,000000000000000000
963;3236,000000000000000000;1322,000000000000000000;2162,000000000000000000
964;3236,000000000000000000;1441,000000000000000000;2152,000000000000000000
965;3236,000000000000000000;1307,000000000000000000;2168,000000000000000000
966;3236,000000000000000000;1024,000000000000000000;2175,000000000000000000
967;3236,000000000000000000;1258,000000000000000000;2143,000000000000000000
968;3236,000000000000000000;1064,000000000000000000;2134,000000000000000000
969;3236,000000000000000000;1213,000000000000000000;2126,000000000000000000
970;3236,000000000000000000;997,000000000000000000;2145,000000000000000000
971;3236,000000000000000000;1042,000000000000000000;2122,000000000000000000
972;3236,000000000000000000;1218,000000000000000000;2136,000000000000000000
973;3236,000000000000000000;1193,000000000000000000;2127,000000000000000000
974;3236,000000000000000000;1008,000000000000000000;2117,000000000000000000
975;3236,000000000000000000;1300,000000000000000000;2137,000000000000000000
976;3236,000000000000000000;1200,000000000000000000;2125,000000000000000000
977;3236,000000000000000000;1305,000000000000000000;2085,000000000000000000
978;3236,000000000000000000;1380,000000000000000000;2105,000000000000000000
979;3236,000000000000000000;872,000000000000000000;2104,000000000000000000
980;3236,000000000000000000;1196,000000000000000000;2120,000000000000000000
981;3236,000000000000000000;1282,000000000000000000;2100,000000000000000000
982;3236,000000000000000000;1307,000000000000000000;2118,000000000000000000
983;3236,000000000000000000;1271,000000000000000000;2103,000000000000000000
984;3236,000000000000000000;1157,000000000000000000;2105,000000000000000000
985;3236,000000000000000000;1373,000000000000000000;2136,000000000000000000
986;3236,000000000000000000;1142,000000000000000000;2103,000000000000000000
987;3236,000000000000000000;1008,000000000000000000;2131,000000000000000000
988;3236,000000000000000000;992,000000000000000000;2134,000000000000000000
989;3236,000000000000000000;1274,000000000000000000;2159,000000000000000000
990;3236,000000000000000000;1189,000000000000000000;2133,000000000000000000
991;3236,000000000000000000;1106,000000000000000000;2122,000000000000000000
992;3236,000000000000000000;1251,000000000000000000;2106,000000000000000000
993;3236,000000000000000000;1028,000000000000000000;2123,000000000000000000
994;3236,000000000000000000;1251,000000000000000000;2116,000000000000000000
995;3236,000000000000000000;1120,000000000000000000;2149,000000000000000000
996;3236,000000000000000000;1307,000000000000000000;2125,000000000000000000
997;3236,000000000000000000;1006,000000000000000000;2123,000000000000000000
998;3236,000000000000000000;1028,000000000000000000;2130,000000000000000000
999;3236,000000000000000000;1298,000000000000000000;2132,000000000000000000
1000;3236,000000000000000000;1142,000000000000000000;2109,000000000000000000
1001;3236,000000000000000000;1307,000000000000000000;2120,000000000000000000
1002;3236,000000000000000000;1249,000000000000000000;2144,000000000000000000
